12
100000 100000 29 100000 100000 100000 100000 5 26 24 9 35 
100000 100000 13 21 100000 100000 25 20 100000 7 8 100000 
29 13 100000 32 11 100000 100000 17 100000 15 100000 100000 
100000 21 32 100000 38 33 37 100000 100000 100000 19 100000 
100000 100000 11 38 100000 23 6 41 100000 100000 10 27 
100000 100000 100000 33 23 100000 45 100000 100000 49 12 100000 
100000 25 100000 37 6 45 100000 100000 100000 4 100000 44 
5 20 17 100000 41 100000 100000 100000 53 100000 16 18 
26 100000 100000 100000 100000 100000 100000 53 100000 22 100000 14 
24 7 15 100000 100000 49 4 100000 22 100000 47 100000 
9 8 100000 19 10 12 100000 16 100000 47 100000 31 
35 100000 100000 100000 27 100000 44 18 14 100000 31 100000 
