15
100000 100000 5 100000 100000 100000 9 7 11 100000 13 15 3 17 21 
100000 100000 100000 100000 12 100000 25 100000 100000 19 18 31 100000 20 22 
5 100000 100000 29 14 33 100000 16 6 27 100000 35 30 100000 37 
100000 100000 29 100000 100000 100000 32 100000 100000 38 41 44 47 28 100000 
100000 12 14 100000 100000 100000 100000 100000 100000 100000 45 100000 49 34 100000 
100000 100000 33 100000 100000 100000 23 100000 39 43 100000 36 100000 50 100000 
9 25 100000 32 100000 23 100000 24 100000 8 100000 100000 51 100000 100000 
7 100000 16 100000 100000 100000 24 100000 53 100000 10 57 26 100000 100000 
11 100000 6 100000 100000 39 100000 53 100000 61 56 40 55 100000 42 
100000 19 27 38 100000 43 8 100000 61 100000 65 59 63 2 69 
13 18 100000 41 45 100000 100000 10 56 65 100000 62 73 68 100000 
15 31 35 44 100000 36 100000 57 40 59 62 100000 71 67 100000 
3 100000 30 47 49 100000 51 26 55 63 73 71 100000 46 100000 
17 20 100000 28 34 50 100000 100000 100000 2 68 67 46 100000 74 
21 22 37 100000 100000 100000 100000 100000 42 69 100000 100000 100000 74 100000 
