18
100000 100000 100000 54 100000 100000 100000 5 7 100000 8 100000 100000 100000 6 11 100000 48 
100000 100000 100000 100000 100000 100000 10 100000 100000 100000 100000 17 100000 43 53 100000 100000 14 
100000 100000 100000 100000 12 16 20 100000 26 32 19 21 100000 100000 100000 25 100000 100000 
54 100000 100000 100000 15 13 100000 22 24 100000 100000 27 29 100000 35 31 66 30 
100000 100000 12 15 100000 37 41 39 45 49 47 57 44 100000 100000 100000 51 100000 
100000 100000 16 13 37 100000 100000 61 34 36 100000 100000 100000 9 100000 59 40 65 
100000 10 20 100000 41 100000 100000 100000 100000 63 100000 33 100000 55 50 100000 69 56 
5 100000 100000 22 39 61 100000 100000 100000 4 62 42 18 68 73 71 77 74 
7 100000 26 24 45 34 100000 100000 100000 38 80 46 100000 100000 100000 81 100000 85 
100000 100000 32 100000 49 36 63 4 38 100000 100000 52 100000 23 58 100000 89 93 
8 100000 19 100000 47 100000 100000 62 80 100000 100000 28 97 100000 100000 100000 67 75 
100000 17 21 27 57 100000 33 42 46 52 28 100000 101 83 105 86 92 95 
100000 100000 100000 29 44 100000 100000 18 100000 100000 97 101 100000 60 109 64 79 98 
100000 43 100000 100000 100000 9 55 68 100000 23 100000 83 60 100000 104 113 100000 100000 
6 53 100000 35 100000 100000 50 73 100000 58 100000 105 109 104 100000 100000 70 100000 
11 100000 25 31 100000 59 100000 71 81 100000 100000 86 64 113 100000 100000 100000 100000 
100000 100000 100000 66 51 40 69 77 100000 89 67 92 79 100000 70 100000 100000 100000 
48 14 100000 30 100000 65 56 74 85 93 75 95 98 100000 100000 100000 100000 100000 
