24
100000 5 100000 100000 100000 6 100000 55 48 100000 100000 8 4 100000 100000 100000 100000 11 100000 100000 9 13 12 15 
5 100000 100000 100000 17 100000 16 23 20 29 32 100000 100000 33 52 100000 18 45 27 39 100000 100000 100000 43 
100000 100000 100000 100000 100000 38 100000 100000 49 100000 100000 61 22 100000 47 24 28 14 100000 34 36 40 100000 51 
100000 100000 100000 100000 100000 65 50 69 31 73 100000 100000 42 100000 100000 100000 100000 59 56 46 63 100000 100000 58 
100000 17 100000 100000 100000 100000 67 100000 100000 62 100000 77 64 71 100000 81 100000 100000 100000 68 75 74 80 21 
6 100000 38 65 100000 100000 100000 44 100000 85 100000 100000 79 83 100000 100000 100000 100000 66 86 100000 100000 87 89 
100000 16 100000 50 67 100000 100000 100000 100000 100000 91 93 97 100000 100000 100000 100000 100000 100000 10 101 92 100000 95 
55 23 100000 69 100000 44 100000 100000 98 104 100000 70 100000 100000 105 100000 107 100000 100000 100000 100000 72 100000 100000 
48 20 49 31 100000 100000 100000 98 100000 76 110 99 113 100000 100000 109 117 100000 116 100000 37 100000 100000 19 
100000 29 100000 73 62 85 100000 104 76 100000 60 100000 121 78 103 119 26 30 111 100000 125 100000 122 115 
100000 32 100000 100000 100000 100000 91 100000 110 60 100000 123 100000 100000 100000 100000 128 100000 100000 127 100000 100000 100000 131 
8 100000 61 100000 77 100000 93 70 99 100000 123 100000 129 57 133 100000 100000 82 100000 134 100000 100000 100000 84 
4 100000 22 42 64 79 97 100000 113 121 100000 129 100000 100000 100000 137 100000 100000 141 100000 100000 100000 100000 140 
100000 33 100000 100000 71 83 100000 100000 100000 78 100000 57 100000 100000 100000 143 100000 100000 100000 145 100000 146 25 149 
100000 52 47 100000 100000 100000 100000 105 100000 103 100000 133 100000 100000 100000 135 100000 139 153 88 90 100000 100000 152 
100000 100000 24 100000 81 100000 100000 100000 109 119 100000 100000 137 143 135 100000 100000 100000 100000 54 100000 155 94 100000 
100000 18 28 100000 100000 100000 100000 107 117 26 128 100000 100000 100000 100000 100000 100000 100000 53 100000 158 100000 7 100000 
11 45 14 59 100000 100000 100000 100000 100000 30 100000 82 100000 100000 139 100000 100000 100000 157 100000 100000 161 100000 165 
100000 27 100000 56 100000 66 100000 100000 116 111 100000 100000 141 100000 153 100000 53 157 100000 96 100000 100000 147 151 
100000 39 34 46 68 86 10 100000 100000 100000 127 134 100000 145 88 54 100000 100000 96 100000 169 41 164 159 
9 100000 36 63 75 100000 101 100000 37 125 100000 100000 100000 100000 90 100000 158 100000 100000 169 100000 163 167 170 
13 100000 40 100000 74 100000 92 72 100000 100000 100000 100000 100000 146 100000 155 100000 161 100000 41 163 100000 100000 35 
12 100000 100000 100000 80 87 100000 100000 100000 122 100000 100000 100000 25 100000 94 7 100000 147 164 167 100000 100000 173 
15 43 51 58 21 89 95 100000 19 115 131 84 140 149 152 100000 100000 165 151 159 170 35 173 100000 
