27
100000 5 7 100000 8 100000 100000 100000 9 13 100000 100000 100000 100000 17 19 44 25 10 100000 100000 23 12 14 100000 29 18 
5 100000 20 26 27 100000 100000 30 100000 100000 35 100000 38 31 100000 100000 41 100000 37 100000 43 100000 6 45 53 36 100000 
7 20 100000 33 47 57 100000 100000 100000 100000 100000 55 50 61 62 100000 100000 63 100000 65 71 100000 100000 40 100000 100000 100000 
100000 26 33 100000 100000 74 100000 77 100000 100000 83 100000 49 100000 100000 69 100000 73 100000 100000 86 100000 100000 81 89 100000 75 
8 27 47 100000 100000 100000 16 93 100000 42 100000 100000 100000 85 87 100000 46 92 100000 100000 100000 48 97 101 95 100000 100000 
100000 100000 57 74 100000 100000 100000 100000 100000 98 54 104 100000 58 60 107 66 100000 100000 100000 100000 100000 110 100000 24 105 109 
100000 100000 100000 100000 16 100000 100000 100000 100000 100000 100000 100000 100000 113 100000 100000 117 100000 121 116 15 91 100000 100000 52 70 125 
100000 30 100000 77 93 100000 100000 100000 100000 100000 129 51 119 100000 100000 122 100000 78 133 82 84 100000 128 100000 137 100000 32 
9 100000 100000 100000 100000 100000 100000 100000 100000 100000 100000 100000 141 100000 39 28 100000 100000 99 88 100000 100000 100000 131 100000 90 100000 
13 100000 100000 100000 42 98 100000 100000 100000 100000 103 145 134 111 149 100000 100000 94 153 68 115 140 100000 96 157 100000 100000 
100000 35 100000 83 100000 54 100000 129 100000 103 100000 100000 80 100 100000 161 100000 100000 165 100000 123 143 127 146 135 139 100000 
100000 100000 55 100000 100000 104 100000 51 100000 145 100000 100000 102 100000 106 152 100000 21 100000 100000 100000 147 67 100000 100000 169 100000 
100000 38 50 49 100000 100000 100000 119 141 134 80 102 100000 108 100000 100000 173 151 100000 155 159 100000 112 100000 64 114 56 
100000 31 61 100000 85 58 113 100000 100000 111 100 100000 108 100000 118 100000 158 100000 100000 100000 120 100000 164 72 124 177 167 
17 100000 62 100000 87 60 100000 100000 39 149 100000 106 100000 118 100000 100000 34 100000 181 100000 100000 163 126 100000 100000 170 130 
19 100000 100000 69 100000 107 100000 122 28 100000 161 152 100000 100000 100000 100000 171 175 179 100000 183 176 182 100000 100000 100000 132 
44 41 100000 100000 46 66 117 100000 100000 100000 100000 100000 173 158 34 171 100000 100000 76 100000 185 100000 100000 188 187 100000 136 
25 100000 63 73 92 100000 100000 78 100000 94 100000 21 151 100000 100000 175 100000 100000 100000 189 100000 193 100000 100000 100000 100000 138 
10 37 100000 100000 100000 100000 121 133 99 153 165 100000 100000 100000 181 179 76 100000 100000 100000 142 22 59 197 201 100000 191 
100000 100000 65 100000 100000 100000 116 82 88 68 100000 100000 155 100000 100000 100000 100000 189 100000 100000 100000 100000 195 199 194 11 79 
100000 43 71 86 100000 100000 15 84 100000 115 123 100000 159 120 100000 183 185 100000 142 100000 100000 144 205 100000 100000 100000 203 
23 100000 100000 100000 48 100000 91 100000 100000 140 143 147 100000 100000 163 176 100000 193 22 100000 144 100000 100000 100000 100000 100000 200 
12 6 100000 100000 97 110 100000 128 100000 100000 127 67 112 164 126 182 100000 100000 59 195 205 100000 100000 100000 207 209 100000 
14 45 40 81 101 100000 100000 100000 131 96 146 100000 100000 72 100000 100000 188 100000 197 199 100000 100000 100000 100000 148 211 100000 
100000 53 100000 89 95 24 52 137 100000 157 135 100000 64 124 100000 100000 187 100000 201 194 100000 100000 207 148 100000 150 213 
29 36 100000 100000 100000 105 70 100000 90 100000 139 169 114 177 170 100000 100000 100000 100000 11 100000 100000 209 211 150 100000 206 
18 100000 100000 75 100000 109 125 32 100000 100000 100000 100000 56 167 130 132 136 138 191 79 203 200 100000 100000 213 206 100000 
