30
100000 5 8 67 14 100000 100000 100000 6 100000 17 100000 7 100000 20 100000 100000 100000 4 13 21 25 100000 100000 37 45 100000 49 53 100000 
5 100000 100000 10 100000 23 15 100000 57 76 26 100000 61 100000 100000 100000 100000 32 100000 12 100000 100000 100000 27 35 39 69 50 100000 100000 
8 100000 100000 43 65 56 100000 18 100000 100000 100000 100000 71 73 100000 100000 100000 100000 77 100000 100000 75 80 79 100000 100000 81 100000 22 85 
67 10 43 100000 89 62 74 100000 100000 93 48 28 36 100000 44 87 40 42 86 100000 46 100000 52 100000 100000 100000 92 97 100000 91 
14 100000 65 89 100000 100000 100000 100000 101 51 100000 54 105 109 58 60 100000 113 100000 95 100000 117 100000 100000 66 121 100000 100000 100000 100000 
100000 23 56 62 100000 100000 125 129 100000 100000 100000 133 98 104 100000 107 100000 100000 100000 100000 100000 100000 100000 31 137 100000 100000 99 100000 103 
100000 15 100000 74 100000 125 100000 100000 55 111 115 100000 100000 70 110 100000 141 119 123 100000 100000 78 116 145 82 127 59 149 100000 100000 
100000 100000 18 100000 100000 129 100000 100000 84 47 34 100000 72 100000 100000 100000 100000 88 100000 100000 100000 100000 131 100000 153 90 122 128 134 100000 
6 57 100000 100000 101 100000 55 84 100000 140 100000 11 100000 100000 94 100000 157 96 100000 135 100000 143 100000 161 139 41 100000 100 100000 165 
100000 76 100000 93 51 100000 111 47 140 100000 100000 146 147 152 155 102 100000 169 100000 151 100000 100000 100000 159 100000 100000 173 100000 100000 177 
17 26 100000 48 100000 100000 115 34 100000 100000 100000 158 100000 106 164 181 100000 100000 100000 185 167 100000 100000 100000 83 170 163 171 100000 176 
100000 100000 100000 28 54 133 100000 100000 11 146 158 100000 100000 100000 108 100000 179 100000 112 100000 182 100000 100000 188 189 100000 114 191 100000 100000 
7 61 71 36 105 98 100000 72 100000 147 100000 100000 100000 100000 193 100000 100000 100000 100000 100000 100000 100000 194 197 100000 100000 200 100000 100000 100000 
100000 100000 73 100000 109 104 70 100000 100000 152 106 100000 100000 100000 19 118 175 203 183 100000 187 100000 100000 195 206 100000 201 100000 100000 68 
20 100000 100000 44 58 100000 110 100000 94 155 164 108 193 19 100000 120 124 100000 100000 100000 126 100000 100000 100000 199 209 212 215 205 130 
100000 100000 100000 87 60 107 100000 100000 100000 102 181 100000 100000 118 120 100000 2 100000 100000 38 132 100000 136 138 213 142 144 100000 218 64 
100000 100000 100000 40 100000 100000 141 100000 157 100000 100000 179 100000 175 124 2 100000 100000 100000 217 221 100000 100000 224 100000 225 229 227 230 100000 
100000 32 100000 42 113 100000 119 88 96 169 100000 100000 100000 203 100000 100000 100000 100000 233 236 207 148 100000 100000 211 237 100000 239 241 9 
4 100000 77 86 100000 100000 123 100000 100000 100000 100000 112 100000 183 100000 100000 100000 233 100000 150 33 154 100000 100000 242 100000 245 100000 100000 219 
13 12 100000 100000 95 100000 100000 100000 135 151 185 100000 100000 100000 100000 38 217 236 150 100000 223 24 100000 248 231 249 100000 253 16 156 
21 100000 100000 46 100000 100000 100000 100000 100000 100000 167 182 100000 187 126 132 221 207 33 223 100000 100000 100000 100000 235 100000 160 243 100000 162 
25 100000 75 100000 117 100000 78 100000 143 100000 100000 100000 100000 100000 100000 100000 100000 148 154 24 100000 100000 166 168 251 29 172 257 254 174 
100000 100000 80 52 100000 100000 116 131 100000 100000 100000 100000 194 100000 100000 136 100000 100000 100000 100000 100000 166 100000 63 247 100000 100000 255 100000 100000 
100000 27 79 100000 100000 31 145 100000 161 159 100000 188 197 195 100000 138 224 100000 100000 248 100000 168 63 100000 100000 178 260 261 100000 100000 
37 35 100000 100000 66 137 82 153 139 100000 83 189 100000 206 199 213 100000 211 242 231 235 251 247 100000 100000 180 184 100000 100000 263 
45 39 100000 100000 121 100000 127 90 41 100000 170 100000 100000 100000 209 142 225 237 100000 249 100000 29 100000 178 180 100000 186 190 259 265 
100000 69 81 92 100000 100000 59 122 100000 173 163 114 200 201 212 144 229 100000 245 100000 160 172 100000 260 184 186 100000 192 100000 100000 
49 50 100000 97 100000 99 149 128 100 100000 171 191 100000 100000 215 100000 227 239 100000 253 243 257 255 261 100000 190 192 100000 30 269 
53 100000 22 100000 100000 100000 100000 134 100000 100000 100000 100000 100000 100000 205 218 230 241 100000 16 100000 254 100000 100000 100000 259 100000 30 100000 196 
100000 100000 85 91 100000 103 100000 100000 165 177 176 100000 100000 68 130 64 100000 9 219 156 162 174 100000 100000 263 265 100000 269 196 100000 
