33
100000 100000 5 100000 6 100000 7 13 8 11 15 17 100000 19 23 20 100000 16 100000 29 100000 61 24 100000 25 32 33 41 27 37 100000 35 49 
100000 100000 34 38 100000 44 47 100000 100000 53 39 100000 43 100000 51 21 81 100000 100000 56 40 59 100000 100000 42 63 100000 100000 100000 100000 67 100000 100000 
5 34 100000 71 100000 100000 89 62 100 93 75 100000 79 100000 100000 100000 68 100000 100000 100000 100000 100000 100000 48 74 52 100000 100000 100000 58 100000 100000 100000 
100000 38 71 100000 100000 100000 97 60 100000 83 87 100000 100000 100000 100000 14 101 100000 100000 100000 105 64 66 109 55 70 100000 100000 72 76 100000 78 100000 
6 100000 100000 100000 100000 100000 80 113 100000 100000 100000 100000 117 100000 91 82 100000 100000 100000 86 121 92 100000 100000 100000 100000 100000 99 98 100000 100000 100000 100000 
100000 44 100000 100000 100000 100000 100000 104 125 100000 10 129 84 100000 100000 100000 133 137 69 100000 103 107 100000 100000 94 100000 96 100000 141 111 115 110 100000 
7 47 89 97 80 100000 100000 100000 100000 116 100000 119 100000 102 122 100000 100000 128 18 106 100000 108 145 112 100000 123 127 100000 100000 131 100000 134 100000 
13 100000 62 60 113 104 100000 100000 149 153 100000 100000 157 114 100000 73 100000 100000 118 100000 100000 135 161 120 139 100000 165 143 169 140 124 147 36 
8 100000 100 100000 100000 125 100000 149 100000 126 100000 100000 173 177 151 22 130 100000 57 100000 100000 155 159 100000 146 132 136 181 100000 163 100000 185 100000 
11 53 93 83 100000 100000 116 153 126 100000 100000 100000 189 167 152 100000 100000 100000 100000 138 100000 100000 158 100000 28 171 142 164 175 100000 100000 100000 170 
15 39 75 87 100000 10 100000 100000 100000 100000 100000 179 100000 100000 46 193 100000 197 100000 201 100000 100000 100000 144 100000 100000 100000 148 150 100000 100000 100000 176 
17 100000 100000 100000 100000 129 119 100000 100000 100000 179 100000 95 183 187 100000 205 100000 100000 100000 100000 100000 209 182 100000 154 156 3 160 213 188 100000 100000 
100000 43 79 100000 117 84 100000 157 173 189 100000 95 100000 100000 162 166 100000 100000 191 100000 217 221 100000 100000 100000 225 100000 100000 229 100000 100000 100000 168 
19 100000 100000 100000 100000 100000 102 114 177 167 100000 183 100000 100000 45 100000 100000 54 100000 194 100000 172 200 195 100000 100000 100000 50 203 100000 100000 100000 100000 
23 51 100000 100000 91 100000 122 100000 151 152 46 187 162 45 100000 174 206 178 100000 199 207 211 100000 233 212 100000 100000 237 241 100000 100000 100000 100000 
20 21 100000 14 82 100000 100000 73 22 100000 193 100000 166 100000 174 100000 180 245 100000 100000 215 249 100000 100000 184 186 190 192 100000 218 196 219 198 
100000 81 68 101 100000 133 100000 100000 130 100000 100000 205 100000 100000 206 180 100000 202 100000 100000 30 253 26 223 100000 227 31 224 100000 100000 204 100000 100000 
16 100000 100000 100000 100000 137 128 100000 100000 100000 197 100000 100000 54 178 245 202 100000 230 231 208 257 235 236 100000 85 239 243 100000 242 100000 248 251 
100000 100000 100000 100000 100000 69 18 118 57 100000 100000 100000 191 100000 100000 100000 100000 230 100000 100000 254 100000 100000 100000 247 100000 255 259 210 214 100000 77 261 
29 56 100000 100000 86 100000 106 100000 100000 138 201 100000 100000 194 199 100000 100000 231 100000 100000 100000 100000 265 100000 269 263 100000 12 216 220 222 100000 260 
100000 40 100000 105 121 103 100000 100000 100000 100000 100000 100000 217 100000 207 215 30 208 254 100000 100000 100000 266 100000 100000 100000 100000 100000 100000 273 100000 100000 100000 
61 59 100000 64 92 107 108 135 155 100000 100000 100000 221 172 211 249 253 257 100000 100000 100000 100000 272 100000 100000 277 100000 267 100000 100000 226 281 285 
24 100000 100000 66 100000 100000 145 161 159 158 100000 209 100000 200 100000 100000 26 235 100000 265 266 272 100000 100000 275 100000 278 100000 100000 100000 271 279 100000 
100000 100000 48 109 100000 100000 112 120 100000 100000 144 182 100000 195 233 100000 223 236 100000 100000 100000 100000 100000 100000 289 100000 283 100000 293 9 100000 228 287 
25 42 74 55 100000 94 100000 139 146 28 100000 100000 100000 100000 212 184 100000 100000 247 269 100000 100000 275 289 100000 100000 4 100000 100000 100000 297 100000 301 
32 63 52 70 100000 100000 123 100000 132 171 100000 154 225 100000 100000 186 227 85 100000 263 100000 277 100000 100000 100000 100000 291 305 100000 295 100000 284 100000 
33 100000 100000 100000 100000 96 127 165 136 142 100000 156 100000 100000 100000 190 31 239 255 100000 100000 100000 278 283 4 291 100000 100000 65 100000 100000 299 100000 
41 100000 100000 100000 99 100000 100000 143 181 164 148 3 100000 50 237 192 224 243 259 12 100000 267 100000 100000 100000 305 100000 100000 100000 290 90 232 100000 
27 100000 100000 72 98 141 100000 169 100000 175 150 160 229 203 241 100000 100000 100000 210 216 100000 100000 100000 293 100000 100000 65 100000 100000 100000 309 313 100000 
37 100000 58 76 100000 111 131 140 163 100000 100000 213 100000 100000 100000 218 100000 242 214 220 273 100000 100000 9 100000 295 100000 290 100000 100000 100000 100000 88 
100000 67 100000 100000 100000 115 100000 124 100000 100000 100000 188 100000 100000 100000 196 204 100000 100000 222 100000 226 271 100000 297 100000 100000 90 309 100000 100000 317 296 
35 100000 100000 78 100000 110 134 147 185 100000 100000 100000 100000 100000 100000 219 100000 248 77 100000 100000 281 279 228 100000 284 299 232 313 100000 317 100000 100000 
49 100000 100000 100000 100000 100000 100000 36 100000 170 176 100000 168 100000 100000 198 100000 251 261 260 100000 285 100000 287 301 100000 100000 100000 100000 88 296 100000 100000 
