36
100000 100000 100000 5 100000 100000 6 100000 11 9 100000 34 100000 100000 100000 100000 12 100000 13 17 21 100000 100000 100000 100000 100000 100000 25 27 29 100000 100000 100000 14 16 33 
100000 100000 18 37 20 41 100000 26 35 45 49 100000 38 19 100000 100000 39 100000 31 43 57 44 51 100000 50 100000 100000 100000 100000 7 22 100000 100000 24 56 100000 
100000 18 100000 100000 30 100000 40 62 100000 100000 100000 8 46 63 100000 68 48 100000 71 100000 100000 100000 69 100000 67 100000 100000 100000 100000 100000 100000 100000 79 100000 100000 87 
5 37 100000 100000 81 74 100000 100000 100000 80 54 83 85 89 100000 86 100000 100000 100000 100000 58 100000 55 93 98 100000 97 100000 100000 60 100000 102 100000 101 100000 100000 
100000 20 30 81 100000 100000 100000 59 100000 100000 66 100000 72 100000 47 100000 100000 76 104 103 100000 100000 107 28 105 100000 42 100000 113 117 115 78 100000 100000 110 100000 
100000 41 100000 74 100000 100000 100000 119 121 84 100000 100000 125 129 123 127 133 73 137 141 100000 100000 131 145 135 100000 100000 139 100000 143 82 88 100000 100000 149 100000 
6 100000 40 100000 100000 100000 100000 100000 153 90 15 100000 100000 94 157 100000 96 116 100000 122 100000 70 128 100000 134 100000 100000 100000 100 100000 106 100000 108 100000 147 161 
100000 26 62 100000 59 119 100000 100000 100000 151 100000 100000 100000 140 100000 155 165 65 100000 112 100000 159 100000 146 163 167 100000 100000 152 169 158 100000 100000 100000 173 100000 
11 35 100000 100000 100000 121 153 100000 100000 171 175 164 114 100000 100000 177 100000 100000 181 170 100000 118 176 100000 100000 75 179 182 100000 185 100000 100000 120 77 124 100000 
9 45 100000 80 100000 84 90 151 171 100000 188 61 100000 126 130 191 132 100000 100000 100000 183 187 189 193 100000 100000 100000 197 100000 100000 100000 100000 201 136 205 209 
100000 49 100000 54 66 100000 15 100000 175 188 100000 194 100000 200 100000 203 100000 100000 195 100000 213 100000 199 100000 207 4 100000 100000 100000 138 100000 211 217 215 206 212 
34 100000 8 83 100000 100000 100000 100000 164 61 194 100000 221 100000 142 100000 144 100000 99 100000 148 225 100000 150 95 100000 100000 100000 218 100000 154 219 100000 156 224 100000 
100000 38 46 85 72 125 100000 100000 114 100000 100000 221 100000 100000 36 227 100000 100000 100000 229 233 100000 100000 223 230 100000 100000 237 236 231 241 239 160 52 100000 100000 
100000 19 63 89 100000 129 94 140 100000 126 200 100000 100000 100000 100000 100000 245 235 100000 100000 100000 242 249 243 162 253 53 100000 100000 166 247 100000 100000 100000 100000 100000 
100000 100000 100000 100000 47 123 157 100000 100000 130 100000 142 36 100000 100000 257 248 100000 261 265 100000 168 100000 269 100000 251 254 100000 172 100000 100000 260 100000 174 273 178 
100000 100000 68 86 100000 127 100000 155 177 191 203 100000 227 100000 257 100000 180 100000 100000 100000 184 255 263 109 100000 100000 266 100000 100000 100000 100000 100000 259 100000 100000 100000 
12 39 48 100000 100000 133 96 165 100000 132 100000 144 100000 245 248 180 100000 267 277 186 281 190 100000 285 100000 100000 271 100000 289 293 297 100000 275 100000 100000 272 
100000 100000 100000 100000 76 73 116 65 100000 100000 100000 100000 100000 235 100000 100000 267 100000 278 100000 301 100000 279 284 100000 100000 100000 100000 100000 192 196 100000 100000 100000 287 305 
13 31 71 100000 104 137 100000 100000 181 100000 195 99 100000 100000 261 100000 277 278 100000 283 198 290 100000 100000 100000 100000 100000 100000 100000 202 100000 100000 23 100000 204 100000 
17 43 100000 100000 103 141 122 112 170 100000 100000 100000 229 100000 265 100000 186 100000 283 100000 309 100000 100000 100000 100000 100000 100000 92 313 100000 296 100000 291 100000 100000 100000 
21 57 100000 58 100000 100000 100000 100000 100000 183 213 148 233 100000 100000 184 281 301 198 309 100000 100000 299 100000 100000 295 317 100000 32 100000 321 208 210 100000 325 214 
100000 44 100000 100000 100000 100000 70 159 118 187 100000 225 100000 242 168 255 190 100000 290 100000 100000 100000 100000 100000 216 302 100000 308 100000 220 100000 100000 100000 311 303 100000 
100000 51 69 55 107 131 128 100000 176 189 199 100000 100000 249 100000 263 100000 279 100000 100000 299 100000 100000 307 329 100000 100000 333 314 337 320 100000 315 100000 100000 100000 
100000 100000 100000 93 28 145 100000 146 100000 193 100000 150 223 243 269 109 285 284 100000 100000 100000 100000 307 100000 64 100000 100000 100000 100000 100000 319 341 323 327 345 349 
100000 50 67 98 105 135 134 163 100000 100000 207 95 230 162 100000 100000 100000 100000 100000 100000 100000 216 329 64 100000 331 100000 353 100000 100000 335 100000 222 100000 326 339 
100000 100000 100000 100000 100000 100000 100000 167 75 100000 4 100000 100000 253 251 100000 100000 100000 100000 100000 295 302 100000 100000 331 100000 100000 226 100000 100000 100000 343 100000 347 100000 357 
100000 100000 100000 97 42 100000 100000 100000 179 100000 100000 100000 100000 53 254 266 271 100000 100000 100000 317 100000 100000 100000 100000 100000 100000 332 351 100000 361 365 100000 100000 338 100000 
25 100000 100000 100000 100000 139 100000 100000 182 197 100000 100000 237 100000 100000 100000 100000 100000 100000 92 100000 308 333 100000 353 226 332 100000 369 100000 10 100000 100000 100000 355 100000 
27 100000 100000 100000 113 100000 100 152 100000 100000 100000 218 236 100000 172 100000 289 100000 100000 313 32 100000 314 100000 100000 100000 351 369 100000 91 100000 100000 228 359 344 100000 
29 7 100000 60 117 143 100000 169 185 100000 138 100000 231 166 100000 100000 293 192 202 100000 100000 220 337 100000 100000 100000 100000 100000 91 100000 350 100000 100000 100000 100000 100000 
100000 22 100000 100000 115 82 106 158 100000 100000 100000 154 241 247 100000 100000 297 196 100000 296 321 100000 320 319 335 100000 361 10 100000 350 100000 100000 373 100000 111 377 
100000 100000 100000 102 78 88 100000 100000 100000 100000 211 219 239 100000 260 100000 100000 100000 100000 100000 208 100000 100000 341 100000 343 365 100000 100000 100000 100000 100000 100000 100000 232 100000 
100000 100000 79 100000 100000 100000 108 100000 120 201 217 100000 160 100000 100000 259 275 100000 23 291 210 100000 315 323 222 100000 100000 100000 228 100000 373 100000 100000 363 234 100000 
14 24 100000 101 100000 100000 100000 100000 77 136 215 156 52 100000 174 100000 100000 100000 100000 100000 100000 311 100000 327 100000 347 100000 100000 359 100000 100000 100000 363 100000 356 381 
16 56 100000 100000 110 149 147 173 124 205 206 224 100000 100000 273 100000 100000 287 204 100000 325 303 100000 345 326 100000 338 355 344 100000 111 232 234 356 100000 367 
33 100000 87 100000 100000 100000 161 100000 100000 209 212 100000 100000 100000 178 100000 272 305 100000 100000 214 100000 100000 349 339 357 100000 100000 100000 100000 377 100000 100000 381 367 100000 
