39
100000 100000 100000 100000 100000 100000 100000 5 100000 108 100000 11 100000 100000 100000 100000 100000 9 100000 10 13 100000 25 100000 100000 15 100000 100000 29 100000 14 100000 19 33 41 100000 45 100000 100000 
100000 100000 100000 37 49 100000 57 100000 100000 16 100000 44 100000 61 18 23 100000 100000 100000 65 100000 100000 27 100000 66 100000 69 100000 67 32 35 100000 24 30 81 100000 100000 100000 85 
100000 100000 100000 100000 100000 43 36 38 47 40 56 100000 59 100000 100000 100000 100000 93 100000 100000 7 68 42 8 97 101 80 46 83 100000 51 100000 105 100000 100000 52 63 60 100000 
100000 37 100000 100000 109 100000 100000 100000 113 75 86 100000 92 117 100000 100000 100000 100000 100000 100000 100000 100000 100000 100000 100000 100000 100000 100000 100000 100000 55 64 70 95 100000 87 98 100000 100000 
100000 49 100000 109 100000 121 99 72 76 100000 125 107 100000 129 50 133 100000 100000 78 100000 100000 100000 82 100000 100000 103 110 90 111 116 100000 94 119 100000 100000 100000 100000 122 100000 
100000 100000 43 100000 121 100000 100000 100000 100000 100000 100000 128 34 137 141 115 102 100000 100000 100000 145 131 100000 149 100000 123 100000 100000 134 127 106 100000 135 100000 140 153 100000 74 143 
100000 57 36 100000 99 100000 100000 139 157 100000 146 161 100000 165 22 152 155 100000 100000 100000 147 151 100000 158 112 159 164 169 173 20 100000 100000 100000 114 163 100000 100000 100000 167 
5 100000 38 100000 72 100000 139 100000 177 170 100000 100000 176 100000 100000 118 181 100000 89 185 179 100000 100000 100000 100000 182 100000 171 100000 100000 100000 62 100000 100000 100000 100000 100000 100000 120 
100000 100000 47 113 76 100000 157 177 100000 124 189 100000 100000 100000 100000 175 188 100000 183 100000 126 100000 100000 191 193 100000 130 197 194 88 187 195 132 199 100000 201 100000 100000 205 
108 16 40 75 100000 100000 100000 170 124 100000 100000 100000 200 203 100000 100000 100000 39 100000 84 53 136 100000 100000 209 100000 58 213 217 100000 221 138 206 212 100000 225 100000 100000 100000 
100000 100000 56 86 125 100000 146 100000 189 100000 100000 142 100000 144 229 233 100000 207 100000 237 211 241 148 48 215 219 100000 150 154 100000 223 100000 100000 100000 100000 100000 227 100000 245 
11 44 100000 100000 107 128 161 100000 100000 100000 142 100000 100000 100000 100000 100000 231 100000 218 100000 100000 100000 156 100000 100000 235 100000 249 100000 224 239 243 100000 253 100000 160 257 230 100000 
100000 100000 59 92 100000 34 100000 176 100000 200 100000 100000 100000 100000 100000 162 100000 100 261 100000 100000 100000 100000 100000 166 100000 236 168 100000 172 174 265 100000 100000 100000 269 242 178 100000 
100000 61 100000 117 129 137 165 100000 100000 203 144 100000 100000 100000 248 100000 273 100000 100000 100000 100000 277 251 247 255 259 281 263 100000 267 271 180 100000 100000 254 26 100000 100000 100000 
100000 18 100000 100000 50 141 22 100000 100000 100000 229 100000 100000 248 100000 100000 100000 184 91 285 100000 186 77 275 100000 100000 279 289 283 293 287 100000 291 260 297 266 100000 190 295 
100000 23 100000 100000 133 115 152 118 175 100000 233 100000 162 100000 100000 100000 100000 100000 272 192 196 100000 299 198 100000 100000 278 284 301 100000 100000 71 100000 100000 100000 100000 303 202 100000 
100000 100000 100000 100000 100000 102 155 181 188 100000 100000 231 100000 273 100000 100000 100000 305 100000 100000 100000 100000 100000 79 309 313 317 290 204 307 100000 100000 311 296 100000 315 100000 208 100000 
9 100000 93 100000 100000 100000 100000 100000 100000 39 207 100000 100 100000 184 100000 305 100000 100000 100000 319 321 302 323 100000 100000 308 100000 325 100000 314 329 100000 100000 100000 100000 100000 100000 333 
100000 100000 100000 100000 78 100000 100000 89 183 100000 100000 218 261 100000 91 272 100000 100000 100000 327 320 337 100000 331 100000 17 210 100000 100000 100000 341 326 345 100000 335 349 100000 100000 214 
10 65 100000 100000 100000 100000 100000 185 100000 84 237 100000 100000 100000 285 192 100000 100000 327 100000 100000 339 100000 100000 216 100000 353 100000 100000 357 100000 100000 100000 361 100000 100000 220 100000 100000 
13 100000 7 100000 100000 145 147 179 126 53 211 100000 100000 100000 100000 196 100000 319 320 100000 100000 343 347 332 100000 365 369 222 373 226 228 338 232 344 351 100000 104 350 234 
100000 100000 68 100000 100000 131 151 100000 100000 136 241 100000 100000 277 186 100000 100000 321 337 339 343 100000 28 100000 377 100000 100000 238 100000 356 240 244 355 100000 100000 100000 359 246 100000 
25 27 42 100000 82 100000 100000 100000 100000 100000 148 156 100000 251 77 299 100000 302 100000 100000 347 28 100000 100000 250 363 100000 100000 381 385 389 100000 393 367 100000 362 100000 100000 397 
100000 100000 8 100000 100000 149 158 100000 191 100000 48 100000 100000 247 275 198 79 323 331 100000 332 100000 100000 100000 368 100000 100000 371 100000 100000 401 374 100000 380 73 405 100000 375 100000 
100000 66 97 100000 100000 100000 112 100000 193 209 215 100000 166 255 100000 100000 309 100000 100000 216 100000 377 250 368 100000 379 383 96 409 100000 386 100000 252 392 12 395 100000 256 100000 
15 100000 101 100000 103 123 159 182 100000 100000 219 235 100000 259 100000 100000 313 100000 17 100000 365 100000 363 100000 379 100000 413 100000 387 398 417 100000 404 100000 100000 100000 100000 100000 407 
100000 69 80 100000 110 100000 164 100000 130 58 100000 100000 236 281 279 278 317 308 210 353 369 100000 100000 100000 383 413 100000 421 410 416 419 391 100000 100000 100000 422 425 428 431 
100000 100000 46 100000 90 100000 169 171 197 213 150 249 168 263 289 284 290 100000 100000 100000 222 238 100000 371 96 100000 421 100000 434 429 100000 258 399 262 100000 264 100000 100000 403 
29 67 83 100000 111 134 173 100000 194 217 154 100000 100000 100000 283 301 204 325 100000 100000 373 100000 381 100000 409 387 410 434 100000 437 268 100000 440 31 100000 433 270 100000 411 
100000 32 100000 100000 116 127 20 100000 88 100000 100000 224 172 267 293 100000 307 100000 100000 357 226 356 385 100000 100000 398 416 429 437 100000 100000 274 276 441 100000 280 100000 100000 282 
14 35 51 55 100000 106 100000 100000 187 221 223 239 174 271 287 100000 100000 314 341 100000 228 240 389 401 386 417 419 100000 268 100000 100000 445 100000 443 446 100000 449 100000 100000 
100000 100000 100000 64 94 100000 100000 62 195 138 100000 243 265 180 100000 71 100000 329 326 100000 338 244 100000 374 100000 100000 391 258 100000 274 445 100000 452 100000 100000 100000 100000 453 21 
19 24 105 70 119 135 100000 100000 132 206 100000 100000 100000 100000 291 100000 311 100000 345 100000 232 355 393 100000 252 404 100000 399 440 276 100000 452 100000 54 286 100000 100000 288 292 
33 30 100000 95 100000 100000 114 100000 199 212 100000 253 100000 100000 260 100000 296 100000 100000 361 344 100000 367 380 392 100000 100000 262 31 441 443 100000 54 100000 455 6 100000 415 100000 
41 81 100000 100000 100000 140 163 100000 100000 100000 100000 100000 100000 254 297 100000 100000 100000 335 100000 351 100000 100000 73 12 100000 100000 100000 100000 100000 446 100000 286 455 100000 294 298 300 100000 
100000 100000 52 87 100000 153 100000 100000 201 225 100000 160 269 26 266 100000 315 100000 349 100000 100000 100000 362 405 395 100000 422 264 433 280 100000 100000 100000 6 294 100000 304 457 100000 
45 100000 63 98 100000 100000 100000 100000 100000 100000 227 257 242 100000 100000 303 100000 100000 100000 220 104 359 100000 100000 100000 100000 425 100000 270 100000 449 100000 100000 100000 298 304 100000 100000 100000 
100000 100000 60 100000 122 74 100000 100000 100000 100000 100000 230 178 100000 190 202 208 100000 100000 100000 350 246 100000 375 256 100000 428 100000 100000 100000 100000 453 288 415 300 457 100000 100000 461 
100000 85 100000 100000 100000 143 167 120 205 100000 245 100000 100000 100000 295 100000 100000 333 214 100000 234 100000 397 100000 100000 407 431 403 411 282 100000 21 292 100000 100000 100000 100000 461 100000 
