42
100000 5 7 100000 9 100000 100000 13 6 10 100000 14 100000 100000 15 19 100000 29 16 100000 21 25 100000 100000 27 79 41 32 35 100000 37 18 100000 39 100000 44 43 100000 45 22 49 53 
5 100000 100000 100000 100000 100000 51 57 100000 56 100000 100000 62 24 26 64 65 100000 100000 100000 100000 69 100000 100000 73 68 28 75 17 100000 77 30 81 85 40 100000 100000 80 93 100000 97 101 
7 100000 100000 103 100000 100000 109 100000 48 86 111 52 113 100000 47 115 100000 117 92 100000 98 100000 107 104 54 121 110 100000 100000 58 125 100000 100000 100000 66 100000 100000 100000 119 100000 116 100000 
100000 100000 103 100000 122 72 23 100000 100000 100000 100000 100000 128 100000 100000 100000 129 100000 131 100000 123 100000 76 31 100000 82 100000 100000 100000 100000 133 137 100000 141 100000 134 145 149 140 100000 127 153 
9 100000 100000 122 100000 157 100000 100000 161 100000 143 165 84 100000 169 100000 100000 146 100000 55 100000 100000 152 155 88 173 177 100000 100000 100000 94 46 100000 100000 38 158 102 181 185 100000 106 164 
100000 100000 100000 72 157 100000 167 67 100000 105 170 100000 100000 100000 100000 108 112 100000 114 189 95 100000 135 100000 100000 100000 100000 100000 118 176 193 139 96 100000 100000 147 100000 151 197 100000 100000 201 
100000 51 109 23 100000 167 100000 159 120 124 100000 100000 126 100000 179 100000 100000 100000 100000 205 209 100000 182 188 213 130 100000 100000 163 217 171 221 100000 175 132 100000 100000 100000 100000 136 183 187 
13 57 100000 100000 100000 67 159 100000 100000 100000 191 138 100000 142 144 148 100000 195 100000 199 225 100000 194 100000 200 203 100000 100000 150 100000 206 100000 212 100000 215 100000 218 207 229 100000 233 100000 
6 100000 48 100000 161 100000 120 100000 100000 237 100000 154 100000 156 224 100000 160 100000 100000 227 211 219 100000 100000 223 230 63 236 231 235 241 100000 100000 239 245 100000 249 4 162 243 253 257 
10 56 86 100000 100000 105 124 100000 237 100000 242 99 261 100000 247 251 100000 100000 100000 248 100000 265 269 100000 273 100000 100000 100000 254 100000 260 255 100000 263 100000 166 100000 168 100000 100000 100000 277 
100000 100000 111 100000 143 170 100000 191 100000 242 100000 281 83 59 11 100000 100000 100000 100000 100000 259 100000 100000 285 100000 289 172 174 266 272 100000 100000 100000 100000 178 100000 267 271 100000 293 297 275 
14 100000 52 100000 165 100000 100000 138 154 99 281 100000 278 100000 284 279 100000 100000 287 301 100000 180 100000 100000 100000 100000 100000 100000 100000 100000 100000 100000 100000 100000 184 100000 186 100000 100000 100000 190 100000 
100000 62 113 128 84 100000 126 100000 100000 261 83 278 100000 283 192 100000 100000 100000 100000 305 100000 100000 291 309 313 100000 100000 100000 196 100000 100000 100000 100000 295 100000 290 296 299 302 198 36 308 
100000 24 100000 100000 100000 100000 100000 142 156 100000 59 100000 283 100000 311 100000 100000 314 317 100000 78 303 100000 100000 100000 321 100000 100000 100000 100000 100000 100000 307 202 33 100000 100000 315 100000 100000 100000 100000 
15 26 47 100000 169 100000 179 144 224 247 11 284 192 311 100000 320 325 100000 329 319 204 333 100000 323 100000 100000 326 100000 100000 100000 208 100000 337 100000 100000 100000 210 327 214 341 100000 100000 
19 64 115 100000 100000 108 100000 148 100000 251 100000 279 100000 100000 320 100000 332 216 331 100000 100000 345 335 339 349 220 74 100000 222 100000 34 100000 226 100000 100000 100000 100000 228 232 100000 100000 100000 
100000 65 100000 129 100000 112 100000 100000 160 100000 100000 100000 100000 100000 325 332 100000 100000 20 100000 100000 353 357 100000 361 100000 343 100000 100000 100000 234 100000 100000 365 347 60 100000 338 369 373 100000 100000 
29 100000 117 100000 146 100000 100000 195 100000 100000 100000 100000 100000 314 100000 216 100000 100000 100000 351 100000 100000 377 100000 344 100000 100000 100000 350 100000 100000 8 100000 381 100000 100000 355 238 100000 359 240 100000 
16 100000 92 131 100000 114 100000 100000 100000 100000 100000 287 100000 317 329 331 20 100000 100000 100000 100000 100000 100000 244 100000 100000 100000 100000 246 100000 356 100000 385 100000 100000 100000 71 363 100000 389 100000 100000 
100000 100000 100000 100000 55 189 205 199 227 248 100000 301 305 100000 319 100000 100000 351 100000 100000 100000 100000 100000 100000 100000 100000 100000 89 362 100000 100000 367 100000 393 397 401 100000 100000 100000 405 100000 371 
21 100000 98 123 100000 95 209 225 211 100000 259 100000 100000 78 204 100000 100000 100000 100000 100000 100000 250 409 252 100000 100000 256 100000 100000 100000 100000 413 375 100000 100000 379 100000 258 100000 368 100000 100000 
25 69 100000 100000 100000 100000 100000 100000 219 265 100000 180 100000 303 333 345 353 100000 100000 100000 250 100000 100000 100000 100000 100000 374 100000 50 262 383 417 387 391 264 100000 395 268 421 100000 399 12 
100000 100000 107 76 152 135 182 194 100000 269 100000 100000 291 100000 100000 335 357 377 100000 100000 409 100000 100000 100000 403 100000 407 380 100000 270 411 386 392 425 429 100000 100000 398 404 415 100000 274 
100000 100000 104 31 155 100000 188 100000 100000 100000 285 100000 309 100000 323 339 100000 100000 244 100000 252 100000 100000 100000 410 100000 100000 100000 416 276 433 280 419 282 422 61 100000 437 100000 100000 100000 100000 
27 73 54 100000 88 100000 213 200 223 273 100000 100000 313 100000 100000 349 361 344 100000 100000 100000 100000 403 410 100000 423 428 100000 441 100000 100000 431 100000 286 445 100 100000 100000 427 100000 100000 435 
79 68 121 82 173 100000 130 203 230 100000 289 100000 100000 321 100000 220 100000 100000 100000 100000 100000 100000 100000 100000 423 100000 100000 100000 288 100000 100000 100000 100000 434 449 453 100000 100000 440 443 100000 100000 
41 28 110 100000 177 100000 100000 100000 63 100000 172 100000 100000 100000 326 74 343 100000 100000 100000 256 374 407 100000 428 100000 100000 292 100000 100000 457 446 439 100000 461 42 100000 100000 294 100000 100000 298 
32 75 100000 100000 100000 100000 100000 100000 236 100000 174 100000 100000 100000 100000 100000 100000 100000 100000 89 100000 100000 380 100000 100000 100000 292 100000 100000 100000 100000 100000 100000 100000 100000 100000 100000 100000 100000 100000 100000 100000 
35 17 100000 100000 100000 118 163 150 231 254 266 100000 196 100000 100000 222 100000 350 246 362 100000 50 100000 416 441 288 100000 100000 100000 465 452 100000 100000 100000 455 100000 100000 447 100000 300 100000 458 
100000 100000 58 100000 100000 176 217 100000 235 100000 272 100000 100000 100000 100000 100000 100000 100000 100000 100000 100000 262 270 276 100000 100000 100000 100000 465 100000 100000 100000 100000 464 100000 90 100000 451 469 473 100000 304 
37 77 125 133 94 193 171 206 241 260 100000 100000 100000 100000 208 34 234 100000 356 100000 100000 383 411 433 100000 100000 457 100000 452 100000 100000 100000 459 100000 100000 100000 463 467 306 100000 470 471 
18 30 100000 137 46 139 221 100000 100000 255 100000 100000 100000 100000 100000 100000 100000 8 100000 367 413 417 386 280 431 100000 446 100000 100000 100000 100000 100000 310 312 316 100000 100000 100000 475 477 481 100000 
100000 81 100000 100000 100000 96 100000 212 100000 100000 100000 100000 100000 307 337 226 100000 100000 385 100000 375 387 392 419 100000 100000 439 100000 100000 100000 459 310 100000 318 100000 100000 485 489 493 322 100000 100000 
39 85 100000 141 100000 100000 175 100000 239 263 100000 100000 295 202 100000 100000 365 381 100000 393 100000 391 425 282 286 434 100000 100000 100000 464 100000 312 318 100000 100000 70 100000 100000 100000 324 328 479 
100000 40 66 100000 38 100000 132 215 245 100000 178 184 100000 33 100000 100000 347 100000 100000 397 100000 264 429 422 445 449 461 100000 455 100000 100000 316 100000 100000 100000 100000 100000 476 100000 100000 100000 330 
44 100000 100000 134 158 147 100000 100000 100000 166 100000 100000 290 100000 100000 100000 60 100000 100000 401 379 100000 100000 61 100 453 42 100000 100000 90 100000 100000 100000 70 100000 100000 100000 482 91 483 488 497 
43 100000 100000 145 102 100000 100000 218 249 100000 267 186 296 100000 210 100000 100000 355 71 100000 100000 395 100000 100000 100000 100000 100000 100000 100000 100000 463 100000 485 100000 100000 100000 100000 100000 487 100000 491 100000 
100000 80 100000 149 181 151 100000 207 4 168 271 100000 299 315 327 228 338 238 363 100000 258 268 398 437 100000 100000 100000 100000 447 451 467 100000 489 100000 476 482 100000 100000 100000 495 100000 100000 
45 93 119 140 185 197 100000 229 162 100000 100000 100000 302 100000 214 232 369 100000 100000 100000 100000 421 404 100000 427 440 294 100000 100000 469 306 475 493 100000 100000 91 487 100000 100000 501 494 100000 
22 100000 100000 100000 100000 100000 136 100000 243 100000 293 100000 198 100000 341 100000 373 359 389 405 368 100000 415 100000 100000 443 100000 100000 300 473 100000 477 322 324 100000 483 100000 495 501 100000 334 87 
49 97 116 127 106 100000 183 233 253 100000 297 190 36 100000 100000 100000 100000 240 100000 100000 100000 399 100000 100000 100000 100000 100000 100000 100000 100000 470 481 100000 328 100000 488 491 100000 494 334 100000 100000 
53 101 100000 153 164 201 187 100000 257 277 275 100000 308 100000 100000 100000 100000 100000 100000 371 100000 12 274 100000 435 100000 298 100000 458 304 471 100000 100000 479 330 497 100000 100000 100000 87 100000 100000 
