45
100000 100000 100000 11 7 6 100000 100000 100000 9 100000 100000 14 17 10 100000 12 20 90 100000 100000 100000 16 100000 23 100000 100000 33 22 100000 100000 100000 100000 24 100000 100000 100000 100000 26 37 100000 32 38 100000 85 
100000 100000 45 31 100000 100000 100000 100000 44 100000 47 100000 100000 100000 100000 28 100000 100000 100000 50 30 100000 53 100000 51 57 100000 55 100000 100000 100000 100000 100000 100000 63 65 69 100000 67 100000 100000 100000 100000 100000 74 
100000 45 100000 100000 100000 100000 100000 77 100000 89 78 5 80 100000 36 93 83 100000 100000 100000 100000 100000 100000 75 92 100000 79 100000 100000 100000 40 100000 42 100000 87 91 100000 100000 101 105 25 100000 100000 98 100000 
11 31 100000 100000 46 100000 100000 109 100000 52 111 100000 100000 115 117 70 100000 54 116 100000 58 100000 100000 121 100000 100000 119 125 123 100000 127 129 100000 133 48 122 100000 100000 100000 100000 100000 131 100000 135 137 
7 100000 100000 46 100000 100000 139 100000 100000 141 100000 60 76 100000 128 100000 134 143 140 100000 100000 145 100000 82 100000 100000 84 100000 110 88 100000 100000 146 147 149 96 100000 100000 151 100000 152 100 100000 153 100000 
6 100000 100000 100000 100000 100000 100000 100000 155 100000 157 100000 100000 102 161 100000 106 99 165 169 159 158 163 118 108 167 100000 100000 100000 112 173 100000 114 100000 171 164 177 181 170 100000 176 100000 100000 100000 120 
100000 100000 100000 100000 139 100000 100000 175 124 100000 185 179 100000 62 189 100000 100000 193 100000 100000 182 100000 126 100000 188 100000 100000 100000 130 191 100000 183 132 100000 100000 197 100000 100000 187 100000 194 100000 100000 201 100000 
100000 100000 77 109 100000 100000 175 100000 100000 100000 200 195 199 100000 203 100000 34 100000 100000 100000 100000 136 100000 206 209 205 138 100000 100000 100000 213 142 207 100000 100000 212 100000 100000 100000 144 43 217 100000 221 215 
100000 44 100000 100000 100000 155 124 100000 100000 211 148 218 150 225 229 100000 100000 100000 233 100000 237 21 100000 224 100000 100000 100000 100000 241 100000 100000 100000 219 154 100000 245 223 100000 227 100000 100000 249 100000 19 100000 
9 100000 89 52 141 100000 100000 100000 211 100000 100000 231 230 236 156 100000 253 100000 257 100000 73 100000 160 162 41 100000 239 242 100000 100000 100000 100000 248 100000 100000 251 235 261 254 18 265 166 100000 269 243 
100000 47 78 111 100000 157 185 200 148 100000 100000 260 168 273 277 100000 100000 247 100000 100000 100000 100000 100000 255 100000 259 263 100000 100000 266 267 100000 272 172 174 100000 178 100000 113 271 100000 100000 275 100000 180 
100000 100000 5 100000 60 100000 179 195 218 231 260 100000 100000 281 100000 279 100000 100000 184 186 100000 285 100000 289 100000 278 100000 100000 284 293 283 100000 100000 287 190 100000 290 100000 100000 296 291 100000 100000 295 100000 
14 100000 80 100000 76 100000 100000 199 150 230 168 100000 100000 192 297 299 100000 100000 100000 302 301 100000 100000 305 100000 303 308 311 314 317 100000 320 100000 100000 196 100000 198 307 309 313 100000 100000 61 100000 202 
17 100000 100000 115 100000 102 62 100000 225 236 273 281 192 100000 323 315 100000 319 100000 204 321 100000 326 208 325 100000 329 100000 333 327 15 337 100000 331 341 100000 345 100000 100000 332 335 100000 100000 100000 349 
10 100000 36 117 128 161 189 203 229 156 277 100000 297 323 100000 100000 210 100000 100000 100000 214 339 353 100000 100000 100000 100000 216 100000 100000 220 100000 343 100000 347 338 351 100000 100000 59 100000 100000 100000 39 100000 
100000 28 93 70 100000 100000 100000 100000 100000 100000 100000 279 299 315 100000 100000 100000 222 344 100000 355 100000 100000 100000 357 100000 100000 350 356 361 100000 359 86 362 365 369 100000 373 377 100000 381 363 100000 385 100000 
12 100000 83 100000 134 106 100000 34 100000 253 100000 100000 100000 100000 210 100000 100000 13 100000 368 100000 371 100000 367 100000 100000 100000 389 27 100000 374 100000 100000 100000 380 100000 375 100000 100000 383 386 100000 81 226 100000 
20 100000 100000 54 143 99 193 100000 100000 100000 247 100000 100000 319 100000 222 13 100000 100000 392 379 387 100000 391 395 100000 100000 393 397 100000 398 401 56 405 100000 228 100000 409 100000 413 399 232 100000 100000 100000 
90 100000 100000 116 140 165 100000 100000 233 257 100000 184 100000 100000 100000 344 100000 100000 100000 403 234 100000 49 404 100000 407 411 238 240 244 415 246 410 100000 100000 100000 250 100000 100000 416 100000 100000 100000 252 100000 
100000 50 100000 100000 100000 169 100000 100000 100000 100000 100000 186 302 204 100000 100000 368 392 403 100000 417 100000 100000 419 421 64 100000 100000 100000 422 100000 425 428 429 423 427 256 433 437 441 431 434 100000 440 100000 
100000 30 100000 58 100000 159 182 100000 237 73 100000 100000 301 321 214 355 100000 379 234 417 100000 100000 100000 435 258 100000 100000 445 100000 100000 443 262 449 100000 264 100000 97 100000 453 446 452 100000 457 268 461 
100000 100000 100000 100000 145 158 100000 136 21 100000 100000 285 100000 100000 339 100000 371 387 100000 100000 100000 100000 455 100000 100000 465 469 71 100000 100000 439 100000 100000 100000 100000 100000 100000 100000 458 100000 100000 100000 100000 270 100000 
16 53 100000 100000 100000 163 126 100000 100000 160 100000 100000 100000 326 353 100000 100000 100000 49 100000 100000 455 100000 274 100000 473 276 100000 100000 447 100000 100000 100000 477 481 280 100000 66 100000 451 100000 485 282 286 288 
100000 100000 75 121 82 118 100000 206 224 162 255 289 305 208 100000 100000 367 391 404 419 435 100000 274 100000 100000 292 459 463 100000 294 467 100000 100000 100000 100000 471 298 464 300 304 475 100000 306 470 100000 
23 51 92 100000 100000 108 188 209 100000 41 100000 100000 100000 325 100000 357 100000 395 100000 421 258 100000 100000 100000 100000 100000 479 100000 476 100000 100000 482 100000 483 488 310 100000 487 489 491 312 494 100000 100000 100000 
100000 57 100000 100000 100000 167 100000 205 100000 100000 259 278 303 100000 100000 100000 100000 100000 407 64 100000 465 473 292 100000 100000 94 100000 316 100000 100000 100000 493 100000 100000 100000 100000 29 100000 318 100000 495 100000 100000 497 
100000 100000 79 119 84 100000 100000 138 100000 239 263 100000 308 329 100000 100000 100000 100000 411 100000 100000 469 276 459 479 94 100000 500 100000 100000 100000 322 100000 100000 100000 501 324 100000 100000 503 328 100000 100000 100000 100000 
33 55 100000 125 100000 100000 100000 100000 100000 242 100000 100000 311 100000 216 350 389 393 238 100000 445 71 100000 463 100000 100000 500 100000 100000 100000 499 330 506 505 334 100000 100000 509 507 513 100000 103 512 100000 336 
22 100000 100000 123 110 100000 130 100000 241 100000 100000 284 314 333 100000 356 27 397 240 100000 100000 100000 100000 100000 476 316 100000 100000 100000 95 8 107 100000 511 515 100000 517 100000 518 519 100000 100000 340 100000 521 
100000 100000 100000 100000 88 112 191 100000 100000 100000 266 293 317 327 100000 361 100000 100000 244 422 100000 100000 447 294 100000 100000 100000 100000 95 100000 100000 523 100000 100000 525 100000 529 100000 100000 533 100000 524 100000 100000 100000 
100000 100000 40 127 100000 173 100000 213 100000 100000 267 283 100000 15 220 100000 374 398 415 100000 443 439 100000 467 100000 100000 100000 499 8 100000 100000 342 537 100000 541 100000 527 100000 100000 531 545 549 100000 530 100000 
100000 100000 100000 129 100000 100000 183 142 100000 100000 100000 100000 320 337 100000 359 100000 401 246 425 262 100000 100000 100000 482 100000 322 330 107 523 342 100000 536 100000 535 100000 100000 539 346 542 348 548 100000 352 100000 
100000 100000 42 100000 146 114 132 207 219 248 272 100000 100000 100000 343 86 100000 56 410 428 449 100000 100000 100000 100000 493 100000 506 100000 100000 537 536 100000 100000 100000 551 553 100000 354 358 100000 100000 100000 543 547 
24 100000 100000 133 147 100000 100000 100000 154 100000 172 287 100000 331 100000 362 100000 405 100000 429 100000 100000 477 100000 483 100000 100000 505 511 100000 100000 100000 100000 100000 100000 360 104 554 100000 100000 100000 100000 364 555 100000 
100000 63 87 48 149 171 100000 100000 100000 100000 174 190 196 341 347 365 380 100000 100000 423 264 100000 481 100000 488 100000 100000 334 515 525 541 535 100000 100000 100000 557 100000 366 370 68 100000 561 100000 560 563 
100000 65 91 122 96 164 197 212 245 251 100000 100000 100000 100000 338 369 100000 228 100000 427 100000 100000 280 471 310 100000 501 100000 100000 100000 100000 100000 551 360 557 100000 566 100000 569 572 100000 100000 559 72 565 
100000 69 100000 100000 100000 177 100000 100000 223 235 178 290 198 345 351 100000 375 100000 250 256 97 100000 100000 298 100000 100000 324 100000 517 529 527 100000 553 104 100000 566 100000 100000 573 577 581 567 585 575 100000 
100000 100000 100000 100000 100000 181 100000 100000 100000 261 100000 100000 307 100000 100000 373 100000 409 100000 433 100000 100000 66 464 487 29 100000 509 100000 100000 100000 539 100000 554 366 100000 100000 100000 589 100000 593 100000 100000 100000 597 
26 67 101 100000 151 170 187 100000 227 254 113 100000 309 100000 100000 377 100000 100000 100000 437 453 458 100000 300 489 100000 100000 507 518 100000 100000 346 354 100000 370 569 573 589 100000 571 578 601 100000 100000 100000 
37 100000 105 100000 100000 100000 100000 144 100000 18 271 296 313 332 59 100000 383 413 416 441 446 100000 451 304 491 318 503 513 519 533 531 542 358 100000 68 572 577 100000 571 100000 100000 584 100000 579 35 
100000 100000 25 100000 152 176 194 43 100000 265 100000 291 100000 335 100000 381 386 399 100000 431 452 100000 100000 475 312 100000 328 100000 100000 100000 545 348 100000 100000 100000 100000 581 593 578 100000 100000 587 605 590 100000 
32 100000 100000 131 100 100000 100000 217 249 166 100000 100000 100000 100000 100000 363 100000 232 100000 434 100000 100000 485 100000 494 495 100000 103 100000 524 549 548 100000 100000 561 100000 567 100000 601 584 587 100000 100000 100000 372 
38 100000 100000 100000 100000 100000 100000 100000 100000 100000 275 100000 61 100000 100000 100000 81 100000 100000 100000 457 100000 282 306 100000 100000 100000 512 340 100000 100000 100000 100000 364 100000 559 585 100000 100000 100000 605 100000 100000 100000 376 
100000 100000 98 135 153 100000 201 221 19 269 100000 295 100000 100000 39 385 226 100000 252 440 268 270 286 470 100000 100000 100000 100000 100000 100000 530 352 543 555 560 72 575 100000 100000 579 590 100000 100000 100000 596 
85 74 100000 137 100000 120 100000 215 100000 243 180 100000 202 349 100000 100000 100000 100000 100000 100000 461 100000 288 100000 100000 497 100000 336 521 100000 100000 100000 547 100000 563 565 100000 597 100000 35 100000 372 376 596 100000 
