51
100000 5 7 100000 8 100000 14 9 100000 20 25 29 15 100000 10 12 23 19 16 32 33 37 41 100000 100000 76 100000 100000 100000 100000 44 18 100000 100000 39 100000 100000 22 100000 50 100000 100000 45 43 100000 24 49 28 100000 100000 53 
5 100000 51 55 57 61 59 65 63 67 36 69 100000 100000 71 100000 100000 74 100000 77 100000 75 100000 79 100000 40 128 100000 100000 81 85 46 83 100000 100000 87 100000 89 100000 95 91 100000 100000 93 100000 98 48 101 100000 103 54 
7 51 100000 105 58 146 107 100000 110 100000 100000 100000 66 109 113 100000 100000 117 115 122 100000 100000 70 72 100000 121 100000 100000 125 141 78 100000 100000 127 131 84 100000 134 140 100000 135 155 158 88 100000 139 100000 161 145 100000 94 
100000 55 105 100000 164 100000 147 100000 96 167 100000 100000 100 100000 100000 153 100000 165 100000 100000 169 31 100000 170 100000 173 177 100000 100000 102 176 100000 100000 100000 100000 100000 100000 100000 179 182 151 185 108 181 100000 188 159 189 100000 100000 100000 
8 57 58 164 100000 112 100000 100000 100000 191 100000 193 120 197 100000 100000 100000 163 100000 100000 100000 201 100000 171 100000 194 124 175 205 209 100000 213 217 100000 100000 183 187 100000 195 199 221 126 225 229 200 111 100000 130 100000 132 100000 
100000 61 146 100000 112 100000 136 233 203 100000 142 207 154 156 100000 206 100000 100000 86 160 162 100000 100000 100000 212 100000 100000 211 100000 215 166 168 100000 100000 100000 100000 100000 219 223 100000 100000 218 100000 100000 62 224 100000 237 100000 100000 172 
14 59 107 147 100000 136 100000 100000 174 178 100000 100000 180 184 241 227 100000 231 230 100000 100000 100000 100000 100000 100000 100000 100000 100000 186 100000 100000 245 100000 100000 235 100000 100000 100000 249 190 236 192 100000 253 239 100000 100000 257 242 100000 30 
9 65 100000 100000 100000 233 100000 100000 243 100000 100000 100000 21 100000 100000 196 198 100000 100000 100000 100000 248 261 265 251 100000 247 100000 100000 100000 202 204 100000 100000 100000 100000 269 254 100000 100000 273 100000 277 100000 255 100000 100000 100000 281 100000 259 
100000 63 110 96 100000 203 174 243 100000 285 100000 208 210 289 263 100000 104 293 100000 267 260 214 100000 100000 100000 100000 100000 297 216 266 271 275 301 100000 305 100000 279 100000 100000 272 309 283 278 100000 100000 284 100000 100000 100000 220 287 
20 67 100000 167 191 100000 178 100000 285 100000 291 100000 313 100000 317 100000 100000 290 100000 100000 100000 295 100000 299 100000 100000 106 100000 321 100000 100000 100000 222 303 100000 100000 100000 296 302 100000 100000 100000 226 100000 100000 100000 228 100000 100000 100000 100000 
25 36 100000 100000 100000 142 100000 100000 100000 291 100000 100000 308 325 329 307 333 100000 311 100000 100000 314 27 315 100000 320 100000 100000 100000 148 337 319 100000 323 327 232 341 100000 331 100000 335 345 100000 100000 100000 326 100000 100000 100000 100000 100000 
29 69 100000 100000 193 207 100000 100000 208 100000 100000 100000 100000 100000 100000 349 100000 332 149 100000 339 100000 100000 343 100000 353 100000 100000 347 100000 351 338 100000 355 100000 100000 100000 234 100000 357 100000 344 100000 359 100000 100000 100000 238 361 100000 363 
15 100000 66 100 120 154 180 21 210 313 308 100000 100000 100000 100000 350 100000 100000 356 240 244 362 365 100000 100000 367 369 100000 100000 100000 100000 100000 373 100000 100000 246 377 100000 381 368 100000 100000 138 371 100000 250 100000 100000 375 374 100000 
100000 100000 109 100000 197 156 184 100000 289 100000 325 100000 100000 100000 100000 252 379 100000 383 256 385 380 389 100000 100000 100000 100000 100000 35 100000 393 100000 100000 258 100000 100000 100000 386 100000 387 100000 34 100000 100000 100000 100000 100000 100000 391 100000 262 
10 71 113 100000 100000 100000 241 100000 263 317 329 100000 100000 100000 100000 397 100000 100000 100000 401 100000 392 264 100000 268 100000 100000 82 100000 100000 270 274 100000 100000 100000 100000 395 119 100000 100000 399 276 403 100000 100000 405 409 100000 407 100000 413 
12 100000 100000 153 100000 206 227 196 100000 100000 307 349 350 252 397 100000 398 100000 404 100000 410 100000 100000 416 100000 280 100000 100000 100000 100000 419 411 282 422 425 100000 100000 100000 100000 100000 100000 286 100000 100000 415 428 100000 431 434 288 152 
23 100000 100000 100000 100000 100000 100000 198 104 100000 333 100000 100000 379 100000 398 100000 26 292 100000 38 100000 417 100000 100000 100000 421 100000 423 429 100000 433 100000 100000 427 100000 294 100000 100000 435 100000 100000 437 60 298 300 440 100000 100000 439 100000 
19 74 117 165 163 100000 231 100000 293 290 100000 332 100000 100000 100000 100000 26 100000 100000 304 443 100000 100000 441 100000 445 100000 100000 447 100000 306 100000 100000 449 100000 446 17 100000 114 453 100000 310 451 312 100000 316 457 100000 100000 100000 455 
16 100000 115 100000 100000 86 230 100000 100000 100000 311 149 356 383 100000 404 292 100000 100000 100000 100000 318 100000 100000 461 100000 100000 452 459 322 100000 100000 100000 463 324 465 467 458 328 100000 469 330 471 100000 464 100000 334 100000 473 475 100000 
32 77 122 100000 100000 160 100000 100000 267 100000 100000 100000 240 256 401 100000 100000 304 100000 100000 97 336 100000 100000 340 477 100000 479 481 342 100000 100000 100000 100000 100000 470 485 100000 489 100000 100000 100000 100000 476 483 100000 100000 346 100000 482 348 
33 100000 100000 169 100000 162 100000 100000 260 100000 100000 339 244 385 100000 410 38 443 100000 97 100000 100000 352 100000 487 100000 491 100000 493 100000 497 495 100000 100000 488 100000 494 100000 501 354 358 499 100000 500 503 68 360 506 364 366 505 
37 75 100000 31 201 100000 100000 248 214 295 314 100000 362 380 392 100000 100000 100000 318 336 100000 100000 100000 100000 100000 509 507 512 513 517 515 518 511 519 521 524 100000 523 100000 100000 100000 100000 525 100000 527 143 47 100000 530 100000 533 
41 100000 70 100000 100000 100000 100000 261 100000 100000 27 100000 365 389 264 100000 417 100000 100000 100000 352 100000 100000 100000 100000 100000 370 529 80 100000 100000 537 64 541 531 100000 100000 100000 100000 100000 372 376 536 100000 539 545 100000 542 378 548 100000 
100000 79 72 170 171 100000 100000 265 100000 299 315 343 100000 100000 100000 416 100000 441 100000 100000 100000 100000 100000 100000 100000 382 549 100000 553 384 535 543 551 100000 100000 100000 554 557 547 555 560 100000 100000 100000 100000 100000 100000 559 100000 563 99 
100000 100000 100000 100000 100000 212 100000 251 100000 100000 100000 100000 100000 100000 268 100000 100000 100000 461 340 487 100000 100000 100000 100000 100000 388 390 100000 394 100000 561 100000 565 566 73 569 100000 573 396 567 577 100000 100000 571 100000 100000 572 575 100000 52 
76 40 121 173 194 100000 100000 100000 100000 100000 320 353 367 100000 100000 280 100000 445 100000 477 100000 509 100000 382 100000 100000 100000 581 100000 579 578 100000 100000 584 137 400 100000 100000 402 583 585 587 100000 56 406 590 100000 100000 593 589 13 
100000 128 100000 177 124 100000 100000 247 100000 106 100000 100000 369 100000 100000 100000 421 100000 100000 100000 491 507 370 549 388 100000 100000 100000 100000 408 100000 412 414 100000 11 418 596 599 602 100000 100000 100000 605 608 420 611 100000 614 424 617 426 
100000 100000 100000 100000 175 211 100000 100000 297 100000 100000 100000 100000 100000 82 100000 100000 100000 452 479 100000 512 529 100000 390 581 100000 100000 597 100000 100000 100000 100000 116 100000 100000 100000 100000 601 100000 100000 609 100000 620 92 100000 613 430 432 100000 621 
100000 100000 125 100000 205 100000 186 100000 216 321 100000 347 100000 35 100000 100000 423 447 459 481 493 513 80 553 100000 100000 100000 597 100000 100000 100000 100000 623 626 100000 100000 100000 100000 591 629 100000 100000 436 100000 595 438 625 442 100000 632 42 
100000 81 141 102 209 215 100000 100000 266 100000 148 100000 100000 100000 100000 100000 429 100000 322 342 100000 517 100000 384 394 579 408 100000 100000 100000 100000 635 444 100000 100000 100000 638 603 448 100000 607 100000 450 100000 615 641 454 644 100000 100000 647 
44 85 78 176 100000 166 100000 202 271 100000 337 351 100000 393 270 419 100000 306 100000 100000 497 515 100000 535 100000 578 100000 100000 100000 100000 100000 100000 100000 100000 456 650 100000 100000 619 100000 100000 627 633 653 100000 100000 100000 150 100000 100000 631 
18 46 100000 100000 213 168 245 204 275 100000 319 338 100000 100000 274 411 433 100000 100000 100000 495 518 537 543 561 100000 412 100000 100000 635 100000 100000 656 637 100000 100000 460 659 639 462 643 645 100000 6 649 466 657 661 100000 100000 651 
100000 83 100000 100000 217 100000 100000 100000 301 222 100000 100000 373 100000 100000 282 100000 100000 100000 100000 100000 511 64 551 100000 100000 414 100000 623 444 100000 656 100000 665 655 662 100000 100000 663 668 669 667 100000 100000 100000 100000 100000 468 100000 671 100000 
100000 100000 127 100000 100000 100000 100000 100000 100000 303 323 355 100000 258 100000 422 100000 449 463 100000 100000 519 541 100000 565 584 100000 116 626 100000 100000 637 665 100000 100000 674 100000 100000 673 100000 100000 100000 100000 472 677 680 100000 675 100000 683 90 
39 100000 131 100000 100000 100000 235 100000 305 100000 327 100000 100000 100000 100000 425 427 100000 324 100000 488 521 531 100000 566 137 11 100000 100000 100000 456 100000 655 100000 100000 100000 679 681 685 474 686 478 100000 100000 100000 480 100000 100000 689 693 484 
100000 87 84 100000 183 100000 100000 100000 100000 100000 232 100000 246 100000 100000 100000 100000 446 465 470 100000 524 100000 100000 73 400 418 100000 100000 100000 650 100000 662 674 100000 100000 100000 486 687 100000 490 100000 692 697 100000 100000 492 496 498 100000 100000 
100000 100000 100000 100000 187 100000 100000 269 279 100000 341 100000 377 100000 395 100000 294 17 467 485 494 100000 100000 554 569 100000 596 100000 100000 638 100000 460 100000 100000 679 100000 100000 100000 100000 701 502 100000 100000 100000 691 504 695 698 100000 100000 704 
22 89 134 100000 100000 219 100000 254 100000 296 100000 234 100000 386 119 100000 100000 100000 458 100000 100000 523 100000 557 100000 100000 599 100000 100000 603 100000 659 100000 100000 681 486 100000 100000 100000 705 100000 508 699 510 100000 709 514 100000 100000 100000 516 
100000 100000 140 179 195 223 249 100000 100000 302 331 100000 381 100000 100000 100000 100000 114 328 489 501 100000 100000 547 573 402 602 601 591 448 619 639 663 673 685 687 100000 100000 100000 100000 707 100000 100000 100000 520 100000 100000 703 711 100000 100000 
50 95 100000 182 199 100000 190 100000 272 100000 100000 357 368 387 100000 100000 435 453 100000 100000 354 100000 100000 555 396 583 100000 100000 629 100000 100000 462 668 100000 474 100000 701 705 100000 100000 713 100000 100000 157 100000 100000 100000 710 716 100000 717 
100000 91 135 151 221 100000 236 273 309 100000 335 100000 100000 100000 399 100000 100000 100000 469 100000 358 100000 372 560 567 585 100000 100000 100000 607 100000 643 669 100000 686 490 502 100000 707 713 100000 719 123 100000 100000 118 522 100000 526 722 528 
100000 100000 155 185 126 218 192 100000 283 100000 345 344 100000 34 276 286 100000 310 330 100000 499 100000 376 100000 577 587 100000 609 100000 100000 627 645 667 100000 478 100000 100000 508 100000 100000 719 100000 100000 100000 715 100000 100000 725 100000 721 100000 
45 100000 158 108 225 100000 100000 277 278 226 100000 100000 138 100000 403 100000 437 451 471 100000 100000 525 536 100000 100000 100000 605 100000 436 450 633 100000 100000 100000 100000 692 100000 699 100000 100000 123 100000 100000 728 100000 100000 100000 100000 723 100000 100000 
43 93 88 181 229 100000 253 100000 100000 100000 100000 359 371 100000 100000 100000 60 312 100000 476 500 100000 100000 100000 100000 56 608 620 100000 100000 653 6 100000 472 100000 697 100000 510 100000 157 100000 100000 728 100000 727 100000 729 100000 100000 144 532 
100000 100000 100000 100000 200 62 239 255 100000 100000 100000 100000 100000 100000 100000 415 298 100000 464 483 503 527 539 100000 571 406 420 92 595 615 100000 649 100000 677 100000 100000 691 100000 520 100000 100000 715 100000 727 100000 534 733 731 100000 100000 734 
24 98 139 188 111 224 100000 100000 284 100000 326 100000 250 100000 405 428 300 316 100000 100000 68 143 545 100000 100000 590 611 100000 438 641 100000 466 100000 680 480 100000 504 709 100000 100000 118 100000 100000 100000 534 100000 100000 538 133 735 100000 
49 48 100000 159 100000 100000 100000 100000 100000 228 100000 100000 100000 100000 409 100000 440 457 334 100000 360 47 100000 100000 100000 100000 100000 613 625 454 100000 657 100000 100000 100000 492 695 514 100000 100000 522 100000 100000 729 733 100000 100000 737 740 540 100000 
28 101 161 189 130 237 257 100000 100000 100000 100000 238 100000 100000 100000 431 100000 100000 100000 346 506 100000 542 559 572 100000 614 430 442 644 150 661 468 675 100000 496 698 100000 703 710 100000 725 100000 100000 731 538 737 100000 741 129 100000 
100000 100000 145 100000 100000 100000 242 281 100000 100000 100000 361 375 391 407 434 100000 100000 473 100000 364 530 378 100000 575 593 424 432 100000 100000 100000 100000 100000 100000 689 498 100000 100000 711 716 526 100000 723 100000 100000 133 740 741 100000 100000 544 
100000 103 100000 100000 132 100000 100000 100000 220 100000 100000 100000 374 100000 100000 288 439 100000 475 482 366 100000 548 563 100000 589 617 100000 632 100000 100000 100000 671 683 693 100000 100000 100000 100000 100000 722 721 100000 144 100000 735 540 129 100000 100000 100000 
53 54 94 100000 100000 172 30 259 287 100000 100000 363 100000 262 413 152 100000 455 100000 348 505 533 100000 99 52 13 426 621 42 647 631 651 100000 90 484 100000 704 516 100000 717 528 100000 100000 532 734 100000 100000 100000 544 100000 100000 
