54
100000 8 100000 100000 100000 11 13 7 100000 6 17 15 100000 100000 100000 19 25 100000 100000 12 18 20 27 100000 100000 29 32 33 41 157 44 37 100000 100000 39 100000 47 100000 53 100000 45 49 51 100000 100000 100000 100000 61 22 69 100000 24 100000 100000 
8 100000 28 100000 100000 100000 30 100000 50 59 34 100000 36 100000 56 63 67 100000 119 100000 100000 100000 100000 100000 77 68 100000 71 81 100000 42 48 85 93 100000 100000 100000 100000 100000 74 100000 100000 52 75 100000 100000 83 86 95 100000 107 54 100000 100000 
100000 28 100000 100000 58 100000 100000 60 97 100000 100000 105 100000 100000 100000 100000 100000 100000 79 100000 87 100000 64 110 122 128 117 66 100000 131 72 100000 137 91 129 133 100000 100000 140 23 141 100000 100000 145 100000 100000 146 78 149 99 103 158 111 153 
100000 100000 100000 100000 100000 100000 100000 82 115 100000 123 164 90 96 100000 100000 100000 100000 102 170 106 100000 100000 148 135 108 169 173 100000 139 100000 147 114 176 100000 179 177 151 100000 100000 163 181 100000 171 185 189 175 182 100000 100000 100000 188 100000 120 
100000 100000 58 100000 100000 100000 100000 193 124 100000 100000 100000 100000 197 100000 126 132 183 191 100000 201 205 136 143 100000 100000 194 209 200 100000 142 144 187 203 213 100000 195 100000 100000 199 217 150 100000 100000 206 207 100000 154 100000 211 100000 100000 215 100000 
11 100000 100000 100000 100000 100000 156 219 100000 100000 100000 100000 100000 100000 100000 221 212 160 225 100000 100000 223 162 100000 229 233 237 100000 100000 241 166 227 100000 100000 245 218 224 230 100000 100000 100000 231 235 100000 239 100000 100000 134 100000 168 100000 100000 100000 249 
13 30 100000 100000 100000 156 100000 100000 172 174 243 236 247 242 251 100000 178 100000 100000 253 100000 257 255 127 100000 180 100000 100000 184 259 100000 100000 261 100000 100000 248 263 186 265 100000 269 100000 100000 254 100000 100000 273 267 92 260 266 100000 272 100000 
7 100000 60 82 193 219 100000 100000 100000 112 277 100000 100000 100000 100000 271 100000 100000 190 100000 281 100000 100000 192 285 275 100000 196 100000 279 283 100000 198 289 100000 100000 278 100000 202 287 293 297 100000 301 100000 305 204 309 100000 313 100000 152 100000 100000 
100000 50 97 115 124 100000 172 100000 100000 291 155 100000 284 317 321 100000 100000 290 295 299 325 329 113 208 303 100000 333 307 100000 210 100000 100000 98 337 100000 100000 311 296 341 100000 100000 100000 100000 315 319 100000 100000 214 100000 100000 345 302 308 314 
6 59 100000 100000 100000 100000 174 112 291 100000 100000 100000 100000 100000 100000 100000 100000 100000 349 320 216 100000 100000 220 222 226 100000 100000 228 353 323 326 100000 100000 100000 332 357 100000 100000 100000 100000 232 335 100000 234 84 338 344 238 240 244 246 100000 100000 
17 34 100000 123 100000 100000 243 277 155 100000 100000 327 250 347 100000 252 100000 100000 100000 100000 331 339 100000 100000 100000 350 343 100000 100000 100000 356 359 100000 351 100000 100000 355 100000 100000 100000 361 363 362 365 100000 367 100000 368 371 100000 100000 369 256 100000 
15 100000 105 164 100000 100000 236 100000 100000 100000 327 100000 373 374 100000 100000 100000 375 377 100000 381 100000 385 258 100000 100000 262 100000 100000 100000 100000 100000 389 379 264 268 100000 100000 380 393 383 270 130 100000 100000 100000 100000 100000 397 100000 386 100000 100000 100000 
100000 36 100000 90 100000 100000 247 100000 284 100000 250 373 100000 387 100000 274 100000 392 401 405 395 100000 100000 409 100000 100000 100000 100000 391 399 100000 100000 413 16 417 403 407 276 398 100000 280 100000 404 100000 410 100000 416 100000 282 419 422 100000 425 286 
100000 100000 100000 96 197 100000 242 100000 317 100000 347 374 387 100000 100000 411 428 100000 288 100000 100000 57 431 100000 421 429 100000 100000 116 434 100000 433 100000 415 423 427 100000 292 100000 100000 100000 100000 294 437 89 440 100000 100000 435 100000 100000 100000 100000 100000 
100000 56 100000 100000 100000 100000 251 100000 321 100000 100000 100000 100000 100000 100000 443 100000 298 100000 100000 100000 446 100000 100000 441 445 449 300 439 100000 100000 100000 121 100000 304 100000 452 453 100000 447 455 100000 306 310 100000 100000 451 100000 100000 457 100000 312 459 100000 
19 63 100000 100000 126 221 100000 271 100000 100000 252 100000 274 411 443 100000 100000 118 100000 100000 100000 100000 100000 100000 458 100000 100000 100000 461 100000 463 100000 100000 316 465 318 467 100000 100000 100000 322 469 100000 100000 100000 473 471 324 477 475 100000 479 100000 100000 
25 67 100000 100000 132 212 178 100000 100000 100000 100000 100000 100000 428 100000 100000 100000 481 328 100000 100000 483 330 485 334 487 489 464 470 491 100000 100000 493 476 482 100000 497 495 501 100000 505 100000 109 100000 100000 100000 509 488 100000 100000 100000 499 100000 336 
100000 100000 100000 100000 183 160 100000 100000 290 100000 100000 375 392 100000 298 118 481 100000 513 100000 100000 503 340 342 100000 100000 494 100000 517 500 100000 100000 521 100000 100000 100000 100000 100000 100000 100000 100000 100000 100000 525 346 100000 100000 507 9 506 348 512 94 511 
100000 119 79 102 191 225 100000 190 295 349 100000 377 401 288 100000 100000 328 513 100000 529 100000 100000 515 100000 100000 100000 165 352 100000 518 100000 524 100000 100000 519 138 354 10 527 358 100000 360 100000 523 100000 100000 100000 530 531 100000 100000 533 100000 537 
12 100000 100000 170 100000 100000 253 100000 299 320 100000 100000 405 100000 100000 100000 100000 100000 529 100000 535 541 100000 545 536 100000 539 364 366 100000 543 100000 65 370 542 548 100000 100000 100000 100000 100000 43 372 551 376 100000 100000 46 549 80 553 100000 100000 100000 
18 100000 87 106 201 100000 100000 281 325 216 331 381 395 100000 100000 100000 100000 100000 100000 535 100000 100000 100000 100000 100000 557 378 561 100000 100000 554 100000 382 100000 384 388 100000 390 547 100000 167 100000 560 555 565 394 100000 100000 569 100000 100000 573 563 100000 
20 100000 100000 100000 205 223 257 100000 329 100000 339 100000 100000 57 446 100000 483 503 100000 541 100000 100000 100000 396 100000 100000 566 125 100000 572 559 100000 100000 100000 577 100000 400 100000 100000 575 402 567 571 100000 100000 579 581 100000 100000 100000 578 100000 100000 100000 
27 100000 64 100000 136 162 255 100000 113 100000 100000 385 100000 431 100000 100000 330 340 515 100000 100000 100000 100000 584 585 100000 583 406 100000 100000 100000 100000 589 408 587 100000 412 414 100000 418 100000 591 100000 593 597 100000 62 590 595 601 420 100000 100000 596 
100000 100000 110 148 143 100000 127 192 208 220 100000 258 409 100000 100000 100000 485 342 100000 545 100000 396 584 100000 424 599 100000 100000 100000 100000 100000 602 605 609 100000 100000 100000 603 613 607 611 100000 100000 100000 426 617 100000 100000 100000 100000 621 608 100000 100000 
100000 77 122 135 100000 229 100000 285 303 222 100000 100000 100000 421 441 458 334 100000 100000 536 100000 100000 585 424 100000 625 100000 430 100000 615 100000 100000 629 614 100000 619 633 21 432 100000 100000 623 620 436 100000 438 637 626 100000 100000 100000 100000 627 641 
29 68 128 108 100000 233 180 275 100000 226 350 100000 100000 429 445 100000 487 100000 100000 100000 557 100000 100000 599 625 100000 100000 100000 442 632 100000 101 635 100000 100000 100000 100000 444 100000 448 100000 638 644 100000 100000 645 450 70 100000 100000 649 647 650 73 
32 100000 117 169 194 237 100000 100000 333 100000 343 262 100000 100000 449 100000 489 494 165 539 378 566 583 100000 100000 100000 100000 100000 631 653 100000 100000 657 639 661 643 100000 656 665 100000 100000 659 669 100000 662 454 100000 651 655 100000 673 456 663 677 
33 71 66 173 209 100000 100000 196 307 100000 100000 100000 100000 100000 300 100000 464 100000 352 364 561 125 406 100000 430 100000 100000 100000 668 100000 100000 681 100000 100000 685 100000 100000 671 100000 100000 689 100000 100000 100000 100000 100000 667 674 693 675 100000 679 697 460 
41 81 100000 100000 200 100000 184 100000 100000 228 100000 100000 391 116 439 461 470 517 100000 366 100000 100000 100000 100000 100000 442 631 668 100000 683 100000 100000 100000 680 701 100000 100000 100000 100000 100000 687 100000 100000 100000 462 100000 100000 686 100000 692 691 695 100000 705 
157 100000 131 139 100000 241 259 279 210 353 100000 100000 399 434 100000 100000 491 500 518 100000 100000 572 100000 100000 615 632 653 100000 683 100000 698 26 704 707 710 100000 100000 713 699 709 466 717 100000 100000 100000 703 100000 468 104 100000 100000 100000 716 711 
44 42 72 100000 142 166 100000 283 100000 323 356 100000 100000 100000 100000 463 100000 100000 100000 543 554 559 100000 100000 100000 100000 100000 100000 100000 698 100000 100000 719 100000 100000 721 722 100000 715 31 100000 100000 472 88 100000 725 100000 474 100000 100000 723 478 480 100000 
37 48 100000 147 144 227 100000 100000 100000 326 359 100000 100000 433 100000 100000 100000 100000 524 100000 100000 100000 100000 602 100000 101 100000 681 100000 26 100000 100000 729 100000 727 100000 100000 100000 733 731 100000 735 737 741 745 100000 749 100000 484 100000 100000 100000 100000 486 
100000 85 137 114 187 100000 261 198 98 100000 100000 389 413 100000 121 100000 493 521 100000 65 382 100000 589 605 629 635 657 100000 100000 704 719 729 100000 728 753 100000 757 734 100000 490 100000 100000 100000 761 492 496 739 740 498 765 14 100000 100000 100000 
100000 93 91 176 203 100000 100000 289 337 100000 351 379 16 415 100000 316 476 100000 100000 370 100000 100000 408 609 614 100000 639 100000 680 707 100000 100000 728 100000 743 100000 100000 100000 769 55 747 746 100000 100000 773 100000 100000 100000 777 100000 100000 100000 751 100000 
39 100000 129 100000 213 245 100000 100000 100000 100000 100000 264 417 423 304 465 482 100000 519 542 384 577 587 100000 100000 100000 661 685 701 710 100000 727 753 743 100000 502 504 752 100000 508 755 758 759 100000 38 100000 763 767 764 770 771 100000 781 776 
100000 100000 133 179 100000 218 248 100000 100000 332 100000 268 403 427 100000 318 100000 100000 138 548 388 100000 100000 100000 619 100000 643 100000 100000 100000 721 100000 100000 100000 502 100000 100000 785 100000 100000 775 789 100000 779 100000 782 793 797 783 100000 510 100000 514 787 
47 100000 100000 177 195 224 263 278 311 357 355 100000 407 100000 452 467 497 100000 354 100000 100000 400 412 100000 633 100000 100000 100000 100000 100000 722 100000 757 100000 504 100000 100000 791 100000 788 100000 100000 794 100000 159 801 100000 805 809 100000 795 799 100000 100000 
100000 100000 100000 151 100000 230 186 100000 296 100000 100000 100000 276 292 453 100000 495 100000 10 100000 390 100000 414 603 21 444 656 671 100000 713 100000 100000 734 100000 752 785 791 100000 100000 800 516 100000 803 100000 807 520 100000 100000 806 813 100000 100000 817 100000 
53 100000 140 100000 100000 100000 265 202 341 100000 100000 380 398 100000 100000 100000 501 100000 527 100000 547 100000 100000 613 432 100000 665 100000 100000 699 715 733 100000 769 100000 100000 100000 100000 100000 161 812 522 821 100000 100000 100000 815 811 825 819 823 100000 100000 827 
100000 74 23 100000 199 100000 100000 287 100000 100000 100000 393 100000 100000 447 100000 100000 100000 358 100000 100000 575 418 607 100000 448 100000 100000 100000 709 31 731 490 55 508 100000 788 800 161 100000 526 829 100000 100000 100000 5 100000 100000 100000 100000 100000 100000 100000 528 
45 100000 141 163 217 100000 269 293 100000 100000 361 383 280 100000 455 322 505 100000 100000 100000 167 402 100000 611 100000 100000 100000 689 687 466 100000 100000 100000 747 755 775 100000 516 812 526 100000 831 35 532 76 100000 100000 833 100000 534 100000 100000 837 100000 
49 100000 100000 181 150 231 100000 297 100000 232 363 270 100000 100000 100000 469 100000 100000 360 43 100000 567 591 100000 623 638 659 100000 100000 717 100000 735 100000 746 758 789 100000 100000 522 829 831 100000 841 845 100000 100000 100000 849 818 100000 824 100000 100000 100000 
51 52 100000 100000 100000 235 100000 100000 100000 335 362 130 404 294 306 100000 109 100000 100000 372 560 571 100000 100000 620 644 669 100000 100000 100000 472 737 100000 100000 759 100000 794 803 821 100000 35 841 100000 100000 100000 40 835 538 830 100000 853 100000 100000 100000 
100000 75 145 171 100000 100000 254 301 315 100000 365 100000 100000 437 310 100000 100000 525 523 551 555 100000 593 100000 436 100000 100000 100000 100000 100000 88 741 761 100000 100000 779 100000 100000 100000 100000 532 845 100000 100000 100000 857 540 100000 100000 839 544 546 100000 100000 
100000 100000 100000 185 206 239 100000 100000 319 234 100000 100000 410 89 100000 100000 100000 346 100000 376 565 100000 597 426 100000 100000 662 100000 462 100000 100000 745 492 773 38 100000 159 807 100000 100000 76 100000 100000 100000 100000 100000 836 861 100000 100000 843 842 847 550 
100000 100000 100000 189 207 100000 100000 305 100000 84 367 100000 100000 440 100000 473 100000 100000 100000 100000 394 579 100000 617 438 645 454 100000 100000 703 725 100000 496 100000 100000 782 801 520 100000 5 100000 100000 40 857 100000 100000 552 851 855 556 100 558 100000 100000 
100000 83 146 175 100000 100000 273 204 100000 338 100000 100000 416 100000 451 471 509 100000 100000 100000 100000 581 62 100000 637 450 100000 667 100000 100000 100000 749 739 100000 763 793 100000 100000 815 100000 100000 100000 835 540 836 552 100000 859 100000 100000 100000 863 848 562 
61 86 78 182 154 134 267 309 214 344 368 100000 100000 100000 100000 324 488 507 530 46 100000 100000 590 100000 626 70 651 674 686 468 474 100000 740 100000 767 797 805 100000 811 100000 833 849 538 100000 861 851 859 100000 564 865 100000 854 100000 869 
22 95 149 100000 100000 100000 92 100000 100000 238 371 397 282 435 100000 477 100000 9 531 549 569 100000 595 100000 100000 100000 655 693 100000 104 100000 484 498 777 764 783 809 806 825 100000 100000 818 830 100000 100000 855 100000 564 100000 100000 100000 873 100000 100000 
69 100000 99 100000 211 168 260 313 100000 240 100000 100000 419 100000 457 475 100000 506 100000 80 100000 100000 601 100000 100000 100000 100000 675 692 100000 100000 100000 765 100000 770 100000 100000 813 819 100000 534 100000 100000 839 100000 556 100000 865 100000 100000 100000 867 100000 100000 
100000 107 103 100000 100000 100000 266 100000 345 244 100000 386 422 100000 100000 100000 100000 348 100000 553 100000 578 420 621 100000 649 673 100000 691 100000 723 100000 14 100000 771 510 795 100000 823 100000 100000 824 853 544 843 100 100000 100000 100000 100000 100000 100000 877 100000 
24 54 158 188 100000 100000 100000 152 302 246 369 100000 100000 100000 312 479 499 512 533 100000 573 100000 100000 608 100000 647 456 679 695 100000 478 100000 100000 100000 100000 100000 799 100000 100000 100000 100000 100000 100000 546 842 558 863 854 873 867 100000 100000 100000 871 
100000 100000 111 100000 215 100000 272 100000 308 100000 256 100000 425 100000 459 100000 100000 94 100000 100000 563 100000 100000 100000 627 650 663 697 100000 716 480 100000 100000 751 781 514 100000 817 100000 100000 837 100000 100000 100000 847 100000 848 100000 100000 100000 877 100000 100000 100000 
100000 100000 153 120 100000 249 100000 100000 314 100000 100000 100000 286 100000 100000 100000 336 511 537 100000 100000 100000 596 100000 641 73 677 460 705 711 100000 486 100000 100000 776 787 100000 100000 827 528 100000 100000 100000 100000 550 100000 562 869 100000 100000 100000 871 100000 100000 
