57
100000 100000 5 100000 100000 6 13 17 100000 8 14 20 100000 100000 21 100000 19 26 25 100000 12 29 100000 37 100000 100000 100000 100000 100000 100000 100000 41 100000 35 100000 53 76 27 100000 100000 100000 31 57 16 100000 43 47 24 65 44 30 100000 100000 100000 34 100000 100000 
100000 100000 51 100000 77 55 100000 59 63 42 85 50 56 100000 100000 62 100000 68 100000 100000 100000 100000 52 100000 60 100000 89 64 100000 71 100000 75 100000 70 100000 100000 74 100000 79 100000 100000 100000 100000 100000 100000 161 97 100000 100000 101 100000 100000 100000 100000 157 100000 80 
5 51 100000 105 100000 100000 113 100000 100000 83 95 72 78 125 100000 103 107 129 111 100000 82 115 100000 133 92 100000 100000 127 100000 66 100000 137 100000 100000 141 131 145 98 100000 139 149 100000 100000 104 110 143 102 100000 147 165 169 100000 100000 100000 173 151 100000 
100000 100000 105 100000 116 100000 100000 155 159 177 100000 100000 100000 100000 100000 100000 100000 84 163 122 181 100000 128 134 167 100000 100000 185 100000 88 100000 100000 189 100000 153 193 197 100000 171 146 175 100000 100000 100000 179 183 100000 100000 100000 100000 100000 187 100000 100000 100000 191 201 
100000 77 100000 116 100000 158 100000 100000 100000 195 100000 100000 164 90 99 199 100000 100000 100000 170 100000 100000 205 100000 100000 100000 176 100000 100000 209 182 100000 100000 203 100000 100000 188 100000 213 10 100000 194 94 118 100000 207 100000 100000 100 100000 100000 200 108 100000 100000 211 217 
6 55 100000 100000 158 100000 100000 100000 100000 206 212 100000 221 100000 225 100000 215 114 100000 124 100000 100000 219 218 229 100000 233 100000 100000 100000 237 100000 100000 100000 241 224 245 227 132 100000 223 249 100000 100000 136 253 230 100000 100000 257 100000 100000 100000 138 100000 152 100000 
13 100000 113 100000 100000 100000 100000 261 100000 61 265 100000 100000 100000 142 269 150 100000 100000 69 100000 100000 236 231 154 239 100000 100000 156 273 160 100000 162 235 100000 242 100000 38 100000 100000 248 100000 100000 100000 100000 100000 277 281 285 100000 100000 100000 243 289 100000 293 251 
17 59 100000 155 100000 100000 261 100000 254 247 100000 100000 100000 100000 100000 166 100000 168 255 32 100000 260 263 100000 100000 259 267 100000 100000 100000 100000 271 297 266 172 100000 174 272 100000 100000 100000 100000 100000 100000 100000 275 100000 278 100000 178 301 305 126 100000 279 100000 100000 
100000 63 100000 159 100000 100000 100000 254 100000 180 100000 100000 309 100000 100000 100000 100000 313 100000 100000 40 100000 100000 22 144 100000 100000 283 100000 100000 284 287 100000 100000 290 100000 100000 100000 291 296 317 100000 184 186 100000 321 100000 100000 100000 100000 100000 190 299 325 100000 295 192 
8 42 83 177 195 206 61 247 180 100000 100000 100000 100000 196 100000 100000 302 198 100000 329 100000 100000 308 100000 303 100000 307 311 333 315 202 100000 319 314 100000 323 320 204 337 100000 341 100000 345 326 100000 349 100000 327 208 100000 100000 353 100000 331 100000 100000 210 
14 85 95 100000 100000 212 265 100000 100000 100000 100000 332 100000 357 100000 335 100000 100000 100000 96 214 216 361 100000 339 100000 365 220 338 369 100000 222 100000 100000 344 347 100000 350 373 377 49 226 100000 228 100000 100000 232 100000 100000 100000 100000 100000 100000 100000 100000 343 234 
20 50 72 100000 100000 100000 100000 100000 100000 100000 332 100000 351 100000 100000 100000 100000 356 381 100000 100000 359 100000 100000 385 100000 100000 362 389 100000 100000 100000 100000 355 100000 100000 363 367 393 397 100000 401 100000 100000 371 100000 375 100000 368 238 240 244 100000 405 100000 409 121 
100000 56 78 100000 164 221 100000 100000 309 100000 100000 351 100000 374 380 413 91 383 379 100000 417 386 100000 100000 421 100000 246 250 100000 100000 100000 100000 252 256 100000 387 100000 100000 100000 100000 425 391 100000 392 100000 100000 258 100000 395 399 100000 403 262 100000 407 100000 411 
100000 100000 125 100000 90 100000 100000 100000 100000 196 357 100000 374 100000 100000 264 268 100000 100000 429 433 437 100000 100000 100000 270 415 441 100000 398 404 100000 100000 410 416 419 100000 100000 445 274 100000 100000 100000 423 276 422 280 449 428 45 453 100000 431 427 435 100000 100000 
21 100000 100000 100000 99 225 142 100000 100000 100000 100000 100000 380 100000 100000 439 282 100000 286 87 100000 457 461 100000 288 292 100000 443 434 465 100000 447 469 100000 58 100000 100000 440 112 451 100000 100000 446 100000 452 100000 100000 100000 100000 15 455 473 477 481 458 459 464 
100000 62 103 100000 199 100000 269 166 100000 100000 335 100000 413 264 439 100000 485 467 463 470 123 476 100000 100000 100000 479 100000 489 100000 100000 100000 100000 100000 294 100000 298 100000 300 482 100000 100000 488 491 100000 100000 493 494 497 304 501 100000 100000 100000 471 100000 100000 100000 
19 100000 107 100000 100000 215 150 100000 100000 302 100000 100000 91 268 282 485 100000 505 100000 500 100000 503 100000 100000 100000 475 306 509 310 100000 513 100000 48 67 312 100000 100000 100000 100000 517 100000 506 100000 100000 100000 316 100000 100000 100000 100000 318 100000 100000 512 322 100000 483 
26 68 129 84 100000 114 100000 168 313 198 100000 356 383 100000 100000 467 505 100000 100000 100000 100000 100000 100000 100000 521 117 100000 100000 100000 525 100000 487 515 100000 518 100000 100000 100000 100000 324 100000 529 524 100000 100000 328 100000 100000 100000 100000 330 533 100000 100000 100000 495 100000 
25 100000 111 163 100000 100000 100000 255 100000 100000 100000 381 379 100000 286 463 100000 100000 100000 527 100000 334 7 100000 336 100000 340 342 100000 100000 499 530 100000 507 100000 100000 100000 346 537 100000 100000 348 511 541 100000 352 100000 545 536 100000 140 100000 100000 539 100000 354 519 
100000 100000 100000 122 170 124 69 32 100000 329 96 100000 100000 429 87 470 500 100000 527 100000 100000 549 358 523 531 100000 100000 100000 100000 100000 100000 360 535 100000 100000 364 100000 100000 542 548 100000 543 100000 366 100000 100000 100000 370 551 100000 100000 547 100000 100000 100000 100000 100000 
12 100000 82 181 100000 100000 100000 100000 40 100000 214 100000 417 433 100000 123 100000 100000 100000 100000 100000 100000 100000 554 553 372 555 557 100000 100000 560 561 376 565 100000 4 100000 559 100000 569 563 566 100000 567 100000 573 100000 572 577 100000 100000 100000 100000 100000 100000 378 382 
29 100000 115 100000 100000 100000 100000 260 100000 100000 216 359 386 437 457 476 503 100000 334 549 100000 100000 384 571 100000 388 390 575 28 100000 100000 579 100000 100000 394 100000 100000 100000 100000 100000 396 581 585 100000 100000 400 100000 100000 100000 583 100000 578 589 100000 100000 593 100000 
100000 52 100000 128 205 219 236 263 100000 308 361 100000 100000 100000 461 100000 100000 100000 7 358 100000 384 100000 100000 402 587 100000 597 100000 100000 601 605 406 584 100000 100000 100000 408 100000 590 591 596 609 599 100000 613 602 100000 617 100000 412 414 100000 608 621 100000 611 
37 100000 133 134 100000 218 231 100000 22 100000 100000 100000 100000 100000 100000 100000 100000 100000 100000 523 554 571 100000 100000 100000 100000 100000 418 100000 595 420 100000 603 607 100000 625 424 426 629 633 100000 615 100000 619 614 430 620 432 436 100000 100000 100000 100000 438 100000 109 623 
100000 60 92 167 100000 229 154 100000 144 303 339 385 421 100000 288 100000 100000 521 336 531 553 100000 402 100000 100000 100000 442 100000 100000 626 100000 100000 100000 100000 100000 100000 637 627 100000 100000 100000 100000 100000 641 135 100000 632 100000 645 649 100000 631 635 100000 100000 100000 653 
100000 100000 100000 100000 100000 100000 239 259 100000 100000 100000 100000 100000 270 292 479 475 117 100000 100000 372 388 587 100000 100000 100000 639 657 119 100000 100000 638 23 100000 100000 100000 100000 444 100000 100000 661 643 100000 647 448 100000 100000 100000 644 100000 650 100000 656 659 450 100000 100000 
100000 89 100000 100000 176 233 100000 267 100000 307 365 100000 246 415 100000 100000 306 100000 340 100000 555 390 100000 100000 442 639 100000 100000 100000 100000 454 662 665 100000 669 651 100000 100000 100000 100000 100000 100000 100000 655 456 460 663 673 100000 100000 462 100000 120 466 677 100000 100000 
100000 64 127 185 100000 100000 100000 100000 283 311 220 362 250 441 443 489 509 100000 342 100000 557 575 597 418 100000 657 100000 100000 667 100000 100000 73 100000 100000 100000 100000 100000 668 671 681 675 679 468 100000 472 674 100000 100000 100000 683 474 100000 478 685 100000 480 100000 
100000 100000 100000 100000 100000 100000 156 100000 100000 333 338 389 100000 100000 434 100000 310 100000 100000 100000 100000 28 100000 100000 100000 119 100000 667 100000 680 686 689 692 695 698 701 100000 100000 100000 100000 484 100000 100000 687 100000 704 707 710 486 691 100000 490 100000 492 713 100000 716 
100000 71 66 88 209 100000 273 100000 100000 315 369 100000 100000 398 465 100000 100000 525 100000 100000 100000 100000 100000 595 626 100000 100000 100000 680 100000 100000 100000 719 693 100000 722 697 705 100000 100000 100000 699 703 100000 148 709 725 100000 100000 100000 100000 100000 711 715 728 731 717 
100000 100000 100000 100000 182 237 160 100000 284 202 100000 100000 100000 404 100000 100000 513 100000 499 100000 560 100000 601 420 100000 100000 454 100000 686 100000 100000 721 100000 100000 100000 496 100000 723 727 734 737 100000 729 100000 740 100000 100000 39 498 733 735 100000 100000 100000 100000 100000 502 
41 75 137 100000 100000 100000 100000 271 287 100000 222 100000 100000 100000 447 100000 100000 487 530 360 561 579 605 100000 100000 638 662 73 689 100000 721 100000 739 100000 741 743 745 100000 747 746 100000 100000 100000 749 100000 100000 100000 751 504 100000 753 100000 100000 757 755 100000 100000 
100000 100000 100000 189 100000 100000 162 297 100000 319 100000 100000 252 100000 469 100000 48 515 100000 535 376 100000 406 603 100000 23 665 100000 692 719 100000 739 100000 100000 759 100000 508 761 100000 100000 765 100000 100000 510 100000 769 100000 763 100000 752 100000 100000 100000 100000 100000 100000 100000 
35 70 100000 100000 203 100000 235 266 100000 314 100000 355 256 410 100000 294 67 100000 507 100000 565 100000 584 607 100000 100000 100000 100000 695 693 100000 100000 100000 100000 514 516 11 100000 520 773 758 777 781 764 100000 106 522 100000 526 785 100000 100000 767 100000 100000 771 100000 
100000 100000 141 153 100000 241 100000 172 290 100000 344 100000 100000 416 58 100000 312 518 100000 100000 100000 394 100000 100000 100000 100000 669 100000 698 100000 100000 741 759 514 100000 100000 528 775 779 100000 783 100000 100000 532 789 770 787 791 776 534 100000 793 100000 100000 100000 797 795 
53 100000 131 193 100000 224 242 100000 100000 323 347 100000 387 419 100000 298 100000 100000 100000 364 4 100000 100000 625 100000 100000 651 100000 701 722 496 743 100000 516 100000 100000 538 100000 799 801 805 100000 100000 803 807 100000 100000 100000 809 782 540 100000 544 100000 788 100000 100000 
76 74 145 197 188 245 100000 174 100000 320 100000 363 100000 100000 100000 100000 100000 100000 100000 100000 100000 100000 100000 424 637 100000 100000 100000 100000 697 100000 745 508 11 528 538 100000 794 813 100000 100000 546 817 800 806 100000 821 100000 54 550 46 100000 811 815 100000 825 829 
27 100000 98 100000 100000 227 38 272 100000 204 350 367 100000 100000 440 300 100000 100000 346 100000 559 100000 408 426 627 444 100000 668 100000 705 723 100000 761 100000 775 100000 794 100000 819 100000 552 556 823 100000 100000 558 562 100000 9 827 100000 100000 100000 833 812 100000 100000 
100000 79 100000 171 213 132 100000 100000 291 337 373 393 100000 445 112 482 100000 100000 537 542 100000 100000 100000 629 100000 100000 100000 671 100000 100000 727 747 100000 520 779 799 813 819 100000 100000 837 100000 100000 100000 100000 100000 100000 18 564 100000 100000 100000 100000 831 100000 841 100000 
100000 100000 139 146 10 100000 100000 100000 296 100000 377 397 100000 274 451 100000 517 324 100000 548 569 100000 590 633 100000 100000 100000 681 100000 100000 734 746 100000 773 100000 801 100000 100000 100000 100000 835 100000 568 100000 100000 839 100000 843 845 849 100000 853 100000 100000 100000 100000 100000 
100000 100000 149 175 100000 223 248 100000 317 341 49 100000 425 100000 100000 100000 100000 100000 100000 100000 563 396 591 100000 100000 661 100000 675 484 100000 737 100000 765 758 783 805 100000 552 837 835 100000 818 100000 100000 824 100000 830 847 100000 100000 100000 570 836 842 100000 851 100000 
31 100000 100000 100000 194 249 100000 100000 100000 100000 226 401 391 100000 100000 488 506 529 348 543 566 581 596 615 100000 643 100000 679 100000 699 100000 100000 100000 777 100000 100000 546 556 100000 100000 818 100000 857 100000 574 33 100000 100000 855 100000 848 93 854 859 576 861 100000 
57 100000 100000 100000 94 100000 100000 100000 184 345 100000 100000 100000 100000 446 491 100000 524 511 100000 100000 585 609 100000 100000 100000 100000 468 100000 703 729 100000 100000 781 100000 100000 817 823 100000 568 100000 857 100000 100000 100000 860 100000 863 100000 580 100000 100000 865 100000 867 866 81 
16 100000 104 100000 118 100000 100000 100000 186 326 228 100000 392 423 100000 100000 100000 100000 541 366 567 100000 599 619 641 647 655 100000 687 100000 100000 749 510 764 532 803 800 100000 100000 100000 100000 100000 100000 100000 100000 100000 100000 869 872 100000 875 871 100000 100000 873 877 878 
100000 100000 110 179 100000 136 100000 100000 100000 100000 100000 371 100000 276 452 100000 100000 100000 100000 100000 100000 100000 100000 614 135 448 456 472 100000 148 740 100000 100000 100000 789 807 806 100000 100000 100000 824 574 100000 100000 100000 100000 879 582 100000 100000 100000 100000 586 100000 881 885 100000 
43 161 143 183 207 253 100000 275 321 349 100000 100000 100000 422 100000 493 316 328 352 100000 573 400 613 430 100000 100000 460 674 704 709 100000 100000 769 106 770 100000 100000 558 100000 839 100000 33 860 100000 100000 100000 100000 100000 588 889 884 100000 100000 592 594 887 893 
47 97 102 100000 100000 230 277 100000 100000 100000 232 375 258 280 100000 494 100000 100000 100000 100000 100000 100000 602 620 632 100000 663 100000 707 725 100000 100000 100000 522 787 100000 821 562 100000 100000 830 100000 100000 100000 879 100000 100000 598 100000 100000 100000 100000 100000 100000 890 883 36 
24 100000 100000 100000 100000 100000 281 278 100000 327 100000 100000 100000 449 100000 497 100000 100000 545 370 572 100000 100000 432 100000 100000 673 100000 710 100000 39 751 763 100000 791 100000 100000 100000 18 843 847 100000 863 869 582 100000 598 100000 891 100000 600 100000 100000 86 897 895 100000 
65 100000 147 100000 100 100000 285 100000 100000 208 100000 368 395 428 100000 304 100000 100000 536 551 577 100000 617 436 645 644 100000 100000 486 100000 498 504 100000 526 776 809 54 9 564 845 100000 855 100000 872 100000 588 100000 891 100000 100000 899 901 100000 905 896 100000 100000 
44 101 165 100000 100000 257 100000 178 100000 100000 100000 238 399 45 15 501 100000 100000 100000 100000 100000 583 100000 100000 649 100000 100000 683 691 100000 733 100000 752 785 534 782 550 827 100000 849 100000 100000 580 100000 100000 889 100000 100000 100000 100000 604 903 606 610 100000 100000 909 
30 100000 169 100000 100000 100000 100000 301 100000 100000 100000 240 100000 453 455 100000 318 330 140 100000 100000 100000 412 100000 100000 650 462 474 100000 100000 735 753 100000 100000 100000 540 46 100000 100000 100000 100000 848 100000 875 100000 884 100000 600 899 604 100000 100000 100000 100000 100000 913 907 
100000 100000 100000 187 200 100000 100000 305 190 353 100000 244 403 100000 473 100000 100000 533 100000 547 100000 578 414 100000 631 100000 100000 100000 490 100000 100000 100000 100000 100000 793 100000 100000 100000 100000 853 570 93 100000 871 100000 100000 100000 100000 901 903 100000 100000 902 100000 917 921 100000 
100000 100000 100000 100000 108 100000 243 126 299 100000 100000 100000 262 431 477 100000 100000 100000 100000 100000 100000 589 100000 100000 635 656 120 478 100000 711 100000 100000 100000 767 100000 544 811 100000 100000 100000 836 854 865 100000 586 100000 100000 100000 100000 606 100000 902 100000 911 915 925 130 
100000 100000 100000 100000 100000 138 289 100000 325 331 100000 405 100000 427 481 471 512 100000 539 100000 100000 100000 608 438 100000 659 466 685 492 715 100000 757 100000 100000 100000 100000 815 833 831 100000 842 859 100000 100000 100000 592 100000 86 905 610 100000 100000 911 100000 919 929 612 
34 157 173 100000 100000 100000 100000 279 100000 100000 100000 100000 407 435 458 100000 322 100000 100000 100000 100000 100000 621 100000 100000 450 677 100000 713 728 100000 755 100000 100000 100000 788 100000 812 100000 100000 100000 576 867 873 881 594 890 897 896 100000 100000 917 915 919 100000 908 616 
100000 100000 151 191 211 152 293 100000 295 100000 343 409 100000 100000 459 100000 100000 495 354 100000 378 593 100000 109 100000 100000 100000 480 100000 731 100000 100000 100000 771 797 100000 825 100000 841 100000 851 861 866 877 885 887 883 895 100000 100000 913 921 925 929 908 100000 100000 
100000 80 100000 201 217 100000 251 100000 192 210 234 121 411 100000 464 100000 483 100000 519 100000 382 100000 611 623 653 100000 100000 100000 716 717 502 100000 100000 100000 795 100000 829 100000 100000 100000 100000 100000 81 878 100000 893 36 100000 100000 909 907 100000 130 612 616 100000 100000 
