72
100000 100000 100000 100000 100000 100000 100000 100000 100000 100000 5 100000 6 100000 7 100000 11 100000 100000 100000 16 100000 10 100000 100000 100000 13 30 17 100000 100000 100000 100000 100000 15 100000 100000 100000 100000 100000 100000 20 100000 100000 100000 21 12 25 19 29 22 33 100000 26 41 100000 100000 100000 27 100000 115 31 32 45 49 100000 100000 44 100000 100000 50 100000 
100000 100000 100000 125 53 51 100000 100000 55 57 100000 100000 61 69 100000 100000 100000 100000 100000 100000 100000 100000 100000 100000 100000 100000 100000 73 77 100000 100000 79 81 68 100000 100000 100000 100000 100000 85 74 83 100000 100000 100000 100000 86 100000 100000 100000 100000 100000 100000 100000 100000 100000 100000 100000 89 92 93 100000 100000 100000 100000 100000 100000 95 97 99 24 100000 
100000 100000 100000 100000 105 100000 100000 34 100000 104 36 100000 100000 100000 113 40 117 100000 42 100000 46 100000 119 122 111 128 121 127 48 100000 131 133 100000 134 137 54 100000 100000 100000 143 141 135 139 58 149 100000 151 146 100000 100000 100000 208 100000 153 155 100000 159 100000 60 100000 177 164 100000 167 100000 185 189 100000 193 100000 170 100000 
100000 125 100000 100000 176 103 100000 100000 100000 100000 163 100000 64 100000 205 100000 100000 179 66 100000 100000 100000 100000 100000 182 188 171 70 100000 107 100000 100000 209 100000 100000 194 100000 200 203 213 100000 100000 100000 78 212 100000 218 175 100000 224 217 84 225 88 227 100000 100000 100000 230 100000 100000 90 100000 229 100000 100000 233 236 100000 239 237 100000 
100000 53 105 176 100000 241 100000 100000 100000 100000 183 100000 94 100000 245 100 187 100000 100000 100000 102 242 100000 35 100000 100000 249 100000 100000 100000 100000 100000 106 108 248 112 251 195 100000 199 100000 100000 100000 254 257 260 263 114 253 100000 207 211 118 100000 266 100000 100000 126 261 100000 269 130 272 223 100000 100000 100000 231 265 100000 275 100000 
100000 51 100000 103 241 100000 100000 278 281 100000 284 100000 235 138 100000 148 243 136 100000 100000 100000 100000 247 287 290 150 100000 273 100000 255 100000 154 156 293 160 100000 100000 277 296 259 100000 100000 100000 267 162 299 285 101 100000 100000 166 302 271 279 100000 100000 168 100000 100000 100000 100000 100000 172 100000 289 297 100000 100000 100000 100000 301 305 
100000 100000 100000 100000 100000 100000 100000 283 174 309 308 313 100000 291 311 314 100000 317 100000 100000 320 100000 100000 180 100000 323 100000 295 321 303 325 184 190 100000 196 100000 329 333 198 100000 100000 100000 100000 202 100000 100000 326 100000 100000 100000 100000 100000 100000 100000 332 100000 100000 100000 337 100000 335 204 100000 214 100000 100000 100000 216 307 220 222 219 
100000 100000 34 100000 100000 278 283 100000 100000 100000 100000 315 100000 338 100000 100000 341 100000 345 349 353 100000 100000 100000 344 226 357 319 110 361 365 228 100000 100000 347 327 100000 100000 100000 331 350 232 100000 23 100000 100000 100000 369 100000 356 100000 9 359 100000 339 362 373 100000 368 234 100000 100000 100000 343 100000 238 100000 100000 377 100000 100000 100000 
100000 55 100000 100000 100000 281 174 100000 100000 240 100000 100000 100000 100000 100000 244 100000 351 100000 100000 381 100000 355 246 100000 385 100000 100000 250 252 100000 100000 100000 100000 100000 256 258 389 100000 82 100000 100000 100000 100000 100000 371 100000 393 262 100000 100000 100000 100000 100000 100000 100000 100000 100000 397 100000 100000 100000 401 405 100000 409 100000 100000 100000 363 374 100000 
100000 57 104 100000 100000 100000 309 100000 240 100000 100000 181 380 367 100000 375 100000 100000 100000 379 100000 100000 413 100000 3 417 383 100000 100000 100000 100000 386 264 387 96 421 100000 425 100000 391 100000 100000 100000 392 100000 100000 268 395 100000 100000 100000 100000 429 398 404 100000 407 100000 100000 100000 100000 100000 100000 410 100000 416 100000 100000 100000 399 100000 403 
5 100000 36 163 183 284 308 100000 100000 100000 100000 100000 100000 100000 100000 419 433 100000 100000 437 100000 441 422 270 411 100000 100000 100000 428 431 274 100000 434 100000 415 276 100000 100000 100000 280 423 100000 440 100000 52 282 286 427 435 439 443 445 100000 100000 288 100000 447 292 446 100000 449 100000 453 294 298 100000 100000 100000 100000 452 100000 100000 
100000 100000 100000 100000 100000 100000 313 315 100000 181 100000 100000 100000 451 455 100000 457 300 304 100000 461 100000 100000 306 100000 458 100000 100000 100000 100000 465 100000 464 100000 469 459 310 467 473 100000 100000 100000 477 100000 100000 470 476 100000 481 100000 312 100000 485 100000 100000 463 471 475 100000 479 483 100000 100000 489 100000 100000 493 316 318 482 100000 487 
6 61 100000 64 94 235 100000 100000 100000 380 100000 100000 100000 488 100000 80 100000 491 322 495 497 324 100000 494 100000 100000 499 500 100000 328 501 330 334 100000 505 100000 100000 100000 503 336 100000 100000 507 100000 100000 132 100000 100000 509 100000 511 506 512 100000 513 515 340 100000 100000 100000 517 342 100000 100000 100000 346 348 521 100000 100000 100000 100000 
100000 69 100000 100000 100000 138 291 338 100000 367 100000 451 488 100000 100000 518 100000 352 519 100000 524 527 354 100000 525 100000 100000 523 100000 100000 100000 100000 529 533 100000 358 537 100000 360 530 100000 364 100000 366 100000 100000 100000 541 152 531 545 100000 370 536 100000 100000 100000 372 100000 100000 100000 100000 539 542 535 100000 100000 100000 100000 100000 100000 100000 
7 100000 113 205 245 100000 311 100000 100000 100000 100000 455 100000 100000 100000 191 376 100000 100000 100000 548 378 549 551 553 554 100000 100000 557 100000 560 100000 100000 100000 561 563 543 100000 100000 547 100000 100000 100000 100000 555 100000 100000 100000 382 565 384 569 100000 573 577 100000 559 388 567 100000 390 100000 571 581 394 100000 566 585 396 100000 100000 575 
100000 100000 40 100000 100 148 314 100000 244 375 419 100000 80 518 191 100000 100000 572 100000 109 62 100000 100000 578 579 100000 583 584 100000 589 91 400 100000 100000 100000 587 591 593 590 597 100000 601 595 599 100000 596 100000 100000 602 116 100000 100000 100000 603 100000 605 609 100000 100000 100000 613 100000 100000 608 100000 100000 402 406 100000 611 614 607 
11 100000 117 100000 187 243 100000 341 100000 100000 433 457 100000 100000 376 100000 100000 100000 100000 617 100000 620 408 621 100000 412 623 414 100000 100000 100000 100000 100000 418 100000 420 625 100000 629 100000 100000 142 626 100000 424 615 619 100000 426 100000 100000 632 100000 430 432 100000 100000 100000 100000 100000 100000 100000 633 100000 436 100000 100000 627 637 438 635 638 
100000 100000 100000 179 100000 136 317 100000 351 100000 100000 300 491 352 100000 572 100000 100000 100000 100000 100000 631 100000 100000 100000 639 641 645 100000 100000 100000 100000 100000 100000 442 644 100000 100000 444 448 647 100000 450 100000 454 100000 456 100000 100000 100000 460 643 462 8 100000 650 466 173 468 100000 649 100000 100000 100000 100000 100000 100000 653 656 472 657 651 
100000 100000 42 66 100000 100000 100000 345 100000 100000 100000 304 322 519 100000 100000 100000 100000 100000 659 655 100000 661 665 669 100000 662 100000 474 478 663 100000 100000 480 100000 484 100000 100000 100000 100000 486 100000 100000 668 667 673 100000 490 492 496 677 498 100000 100000 100000 502 504 508 100000 87 100000 681 100000 100000 100000 671 100000 100000 100000 100000 675 679 
100000 100000 100000 100000 100000 100000 100000 349 100000 379 437 100000 495 100000 100000 109 617 100000 659 100000 100000 192 100000 100000 674 100000 685 510 689 100000 683 100000 693 687 100000 514 516 691 697 695 100000 43 100000 100000 680 100000 100000 100000 100000 100000 699 701 100000 520 703 100000 705 100000 100000 707 100000 100000 100000 100000 100000 686 100000 100000 709 522 711 692 
16 100000 46 100000 102 100000 320 353 381 100000 100000 461 497 524 548 62 100000 100000 655 100000 100000 713 100000 100000 698 715 100000 526 100000 100000 528 532 717 534 721 725 100000 100000 100000 538 719 704 100000 729 100000 100000 100000 100000 100000 723 100000 100000 540 733 100000 100000 727 737 710 716 741 544 546 722 100000 731 206 100000 100000 100000 100000 100000 
100000 100000 100000 100000 242 100000 100000 100000 100000 100000 441 100000 324 527 378 100000 620 631 100000 192 713 100000 745 100000 749 550 100000 100000 753 100000 757 761 728 100000 100000 765 100000 552 734 735 739 743 100000 100000 100000 100000 747 751 769 755 100000 100000 740 746 773 100000 752 100000 100000 100000 100000 100000 758 556 100000 558 562 100000 564 764 777 100000 
10 100000 119 100000 100000 247 100000 100000 355 413 422 100000 100000 354 549 100000 408 100000 661 100000 100000 745 100000 100000 100000 100000 100000 100000 759 763 767 186 568 100000 781 770 771 785 789 570 793 776 100000 797 100000 801 100000 805 809 775 779 100000 782 100000 100000 100000 100000 71 100000 100000 813 100000 788 100000 100000 100000 791 100000 100000 574 817 783 
100000 100000 122 100000 35 287 180 100000 246 100000 270 306 494 100000 551 578 621 100000 665 100000 100000 100000 100000 100000 100000 100000 787 100000 100000 100000 100000 100000 100000 794 100000 800 576 100000 100000 100000 100000 28 100000 100000 100000 821 795 803 806 580 100000 812 145 100000 100000 100000 100000 815 100000 825 829 100000 100000 818 582 586 799 100000 100000 807 811 588 
100000 100000 111 182 100000 290 100000 344 100000 3 411 100000 100000 525 553 579 100000 100000 669 674 698 749 100000 100000 100000 592 594 100000 100000 100000 824 833 598 600 837 100000 604 827 606 100000 841 819 56 100000 610 823 100000 612 100000 831 835 616 618 830 100000 100000 100000 100000 100000 845 100000 836 100000 839 100000 622 842 843 100000 624 100000 628 
100000 100000 128 188 100000 150 323 226 385 417 100000 458 100000 100000 554 100000 412 639 100000 100000 715 550 100000 100000 592 100000 847 100000 849 100000 100000 848 853 857 851 861 169 100000 865 869 100000 100000 100000 100000 873 630 100000 854 100000 100000 855 634 860 100000 100000 863 877 100000 100000 100000 100000 100000 100000 859 881 866 100000 100000 100000 636 100000 100000 
13 100000 121 171 249 100000 100000 357 100000 383 100000 100000 499 100000 100000 583 623 641 662 685 100000 100000 100000 787 594 847 100000 640 867 871 100000 100000 642 100000 100000 646 100000 648 100000 875 885 100000 100000 100000 889 879 883 872 100000 100000 893 100000 100000 887 100000 652 654 897 100000 878 100000 891 98 100000 100000 901 905 895 147 899 100000 903 
30 73 127 70 100000 273 295 319 100000 100000 100000 100000 500 523 100000 584 414 645 100000 510 526 100000 100000 100000 100000 100000 640 100000 907 909 100000 911 100000 100000 100000 913 100000 884 917 100000 658 100000 100000 921 890 896 915 902 908 100000 100000 100000 100000 100000 914 100000 100000 920 100000 100000 660 100000 925 929 923 100000 100000 100000 100000 100000 100000 933 
17 77 48 100000 100000 100000 321 110 250 100000 428 100000 100000 100000 557 100000 100000 100000 474 689 100000 753 759 100000 100000 849 867 907 100000 100000 664 919 100000 100000 666 937 941 926 100000 932 100000 100000 945 670 165 949 953 124 927 100000 935 957 100000 931 100000 938 100000 100000 961 100000 939 944 943 100000 100000 100000 100000 965 100000 947 672 100000 
100000 100000 100000 107 100000 255 303 361 252 100000 431 100000 328 100000 100000 589 100000 100000 478 100000 100000 100000 763 100000 100000 100000 871 909 100000 100000 100000 950 100000 100000 100000 100000 100000 100000 956 100000 75 951 100000 100000 959 962 100000 676 100000 100000 968 100000 100000 971 969 974 129 100000 100000 977 973 955 100000 678 980 100000 981 100000 100000 100000 100000 100000 
100000 100000 131 100000 100000 100000 325 365 100000 100000 274 465 501 100000 560 91 100000 100000 663 683 528 757 767 100000 824 100000 100000 100000 664 100000 100000 985 682 100000 100000 983 986 989 993 100000 100000 100000 100000 100000 997 100000 18 963 684 688 100000 100000 100000 992 100000 690 995 998 967 100000 1001 100000 100000 100000 1005 100000 975 1004 979 1009 100000 1013 
100000 79 133 100000 100000 154 184 228 100000 386 100000 100000 330 100000 100000 400 100000 100000 100000 100000 532 761 186 100000 833 848 100000 911 919 950 985 100000 1017 100000 100000 987 1021 100000 210 100000 100000 694 100000 100000 696 100000 100000 700 100000 1025 100000 100000 1007 1010 100000 100000 991 100000 100000 1016 100000 100000 999 100000 1029 1033 100000 1019 702 100000 100000 706 
100000 81 100000 209 106 156 190 100000 100000 264 434 464 334 529 100000 100000 100000 100000 100000 693 717 728 568 100000 598 853 642 100000 100000 100000 682 1017 100000 100000 100000 59 100000 1022 708 1028 1031 100000 1003 1011 1015 1023 1037 1034 100000 100000 712 1040 1041 1027 100000 1035 100000 714 100000 1045 100000 100000 1049 1053 100000 100000 1039 718 1057 100000 1043 1046 
100000 68 134 100000 108 293 100000 100000 100000 387 100000 100000 100000 533 100000 100000 418 100000 480 687 534 100000 100000 794 600 857 100000 100000 100000 100000 100000 100000 100000 100000 100000 100000 720 14 1061 1052 1047 100000 100000 100000 1051 100000 100000 100000 1065 1055 724 1069 726 100000 730 100000 100000 1058 100000 732 100000 100000 1059 100000 100000 1073 736 100000 738 1063 1077 100000 
15 100000 137 100000 248 160 196 347 100000 96 415 469 505 100000 561 100000 100000 442 100000 100000 721 100000 781 100000 837 851 100000 100000 666 100000 100000 100000 100000 100000 100000 100000 100000 100000 1064 100000 100000 76 1067 742 1071 1075 1079 100000 1081 100000 100000 1083 100000 100000 744 100000 1085 100000 100000 100000 1070 1076 748 100000 100000 100000 1089 1087 100000 750 1082 100000 
100000 100000 54 194 112 100000 100000 327 256 421 276 459 100000 358 563 587 420 644 484 514 725 765 770 800 100000 861 646 913 937 100000 983 987 59 100000 100000 100000 754 100000 100000 100000 756 144 1093 1088 100000 1091 100000 100000 100000 1094 760 1095 1097 100000 1099 1101 1103 100000 100000 100000 100000 100000 100000 762 100000 1105 100000 100000 100000 100000 100000 1109 
100000 100000 100000 100000 251 100000 329 100000 258 100000 100000 310 100000 537 543 591 625 100000 100000 516 100000 100000 771 576 604 169 100000 100000 941 100000 986 1021 100000 720 100000 754 100000 766 100000 100000 768 100000 772 1107 1111 100000 774 1113 100000 100000 100000 1100 100000 1106 100000 1112 1115 1117 100000 1118 100000 1121 100000 100000 1124 100000 100000 201 100000 1119 100000 1127 
100000 100000 100000 200 195 277 333 100000 389 425 100000 467 100000 100000 100000 593 100000 100000 100000 691 100000 552 785 100000 827 100000 648 884 926 100000 989 100000 1022 14 100000 100000 766 100000 100000 67 100000 100000 778 1125 1130 1133 1123 1136 123 100000 100000 1139 100000 780 100000 100000 100000 1129 100000 100000 784 1131 786 1135 100000 790 100000 792 100000 100000 120 1137 
100000 100000 100000 203 100000 296 198 100000 100000 100000 100000 473 503 360 100000 590 629 444 100000 697 100000 734 789 100000 606 865 100000 917 100000 956 993 210 708 1061 1064 100000 100000 100000 100000 1141 100000 100000 1143 796 100000 100000 798 1142 100000 100000 100000 1145 100000 100000 802 100000 1148 804 100000 1149 1153 1157 100000 1161 100000 100000 100000 1147 1151 100000 100000 100000 
100000 85 143 213 199 259 100000 331 82 391 280 100000 336 530 547 597 100000 448 100000 695 538 735 570 100000 100000 869 875 100000 932 100000 100000 100000 1028 1052 100000 100000 100000 67 1141 100000 808 100000 810 1155 100000 100000 1159 814 1163 1165 1169 1154 100000 1167 1173 1160 1171 1177 100000 100000 816 100000 1181 100000 100000 1175 820 1179 100000 822 826 100000 
100000 74 141 100000 100000 100000 100000 350 100000 100000 423 100000 100000 100000 100000 100000 100000 647 486 100000 719 739 793 100000 841 100000 885 658 100000 75 100000 100000 1031 1047 100000 756 768 100000 100000 808 100000 828 1183 100000 100000 1185 832 100000 100000 1187 834 1189 100000 100000 838 100000 840 100000 1191 100000 1193 100000 100000 100000 100000 100000 844 1166 100000 100000 100000 1172 
20 83 135 100000 100000 100000 100000 232 100000 100000 100000 100000 100000 364 100000 601 142 100000 100000 43 704 743 776 28 819 100000 100000 100000 100000 951 100000 694 100000 100000 76 144 100000 100000 100000 100000 828 100000 1195 1197 100000 100000 100000 1201 100000 1178 1199 100000 1203 1205 100000 100000 1184 1190 1209 37 100000 1213 1196 100000 1217 100000 1221 100000 1202 100000 100000 1207 
100000 100000 139 100000 100000 100000 100000 100000 100000 100000 440 477 507 100000 100000 595 626 450 100000 100000 100000 100000 100000 100000 56 100000 100000 100000 945 100000 100000 100000 1003 100000 1067 1093 772 778 1143 810 1183 1195 100000 1208 1211 1215 846 63 1225 100000 850 100000 100000 100000 1229 852 100000 100000 100000 100000 1214 100000 1219 100000 100000 1233 1220 1223 100000 856 100000 100000 
100000 100000 58 78 254 267 202 23 100000 392 100000 100000 100000 366 100000 599 100000 100000 668 100000 729 100000 797 100000 100000 100000 100000 921 670 100000 100000 100000 1011 100000 742 1088 1107 1125 796 1155 100000 1197 1208 100000 100000 1226 1232 100000 1237 100000 1241 1245 1227 1231 100000 1235 1238 858 100000 100000 100000 1249 100000 221 1239 100000 100000 100000 862 100000 1253 1243 
100000 100000 149 212 257 162 100000 100000 100000 100000 52 100000 100000 100000 555 100000 424 454 667 680 100000 100000 100000 100000 610 873 889 890 165 959 997 696 1015 1051 1071 100000 1111 1130 100000 100000 100000 100000 1211 100000 100000 100000 1244 864 1257 100000 100000 100000 100000 1261 100000 1247 1250 100000 1251 100000 100000 100000 100000 1255 1256 100000 868 100000 1259 100000 100000 100000 
21 100000 100000 100000 260 299 100000 100000 371 100000 282 470 132 100000 100000 596 615 100000 673 100000 100000 100000 801 821 823 630 879 896 949 962 100000 100000 1023 100000 1075 1091 100000 1133 100000 100000 1185 100000 1215 1226 100000 100000 100000 100000 100000 870 100000 100000 100000 100000 100000 1263 100000 100000 38 100000 1265 100000 100000 100000 874 1262 1268 1267 100000 876 100000 100000 
12 86 151 218 263 285 326 100000 100000 268 286 476 100000 100000 100000 100000 619 456 100000 100000 100000 747 100000 795 100000 100000 883 915 953 100000 18 100000 1037 100000 1079 100000 774 1123 798 1159 832 100000 846 1232 1244 100000 100000 1271 100000 100000 100000 1269 880 1273 100000 100000 100000 1275 100000 1274 100000 1277 100000 1280 100000 1279 882 100000 100000 100000 886 100000 
25 100000 146 175 114 101 100000 369 393 395 427 100000 100000 541 100000 100000 100000 100000 490 100000 100000 751 805 803 612 854 872 902 124 676 963 700 1034 100000 100000 100000 1113 1136 1142 814 100000 1201 63 100000 864 100000 1271 100000 100000 1281 888 100000 1283 100000 100000 1286 1289 100000 100000 1285 1293 100000 892 100000 1292 100000 100000 1287 1291 1295 100000 1298 
19 100000 100000 100000 253 100000 100000 100000 262 100000 435 481 509 152 382 602 426 100000 492 100000 100000 769 809 806 100000 100000 100000 908 927 100000 684 100000 100000 1065 1081 100000 100000 123 100000 1163 100000 100000 1225 1237 1257 100000 100000 100000 100000 894 1301 898 1297 1305 140 100000 900 100000 100000 100000 904 1309 100000 1313 100000 100000 100000 1317 1304 100000 100000 100000 
29 100000 100000 224 100000 100000 100000 356 100000 100000 439 100000 100000 531 565 116 100000 100000 496 100000 723 755 775 580 831 100000 100000 100000 100000 100000 688 1025 100000 1055 100000 1094 100000 100000 100000 1165 1187 1178 100000 100000 100000 870 100000 1281 894 100000 1299 100000 1303 100000 72 1307 1310 100000 100000 1321 100000 100000 1316 100000 1319 1325 1322 1311 47 1328 100000 906 
22 100000 100000 217 207 166 100000 100000 100000 100000 443 312 511 545 384 100000 100000 460 677 699 100000 100000 779 100000 835 855 893 100000 935 968 100000 100000 712 724 100000 760 100000 100000 100000 1169 834 1199 850 1241 100000 100000 100000 888 1301 1299 100000 1331 100000 910 1329 1333 100000 100000 1334 1315 912 100000 100000 100000 100000 161 100000 100000 916 1337 1323 178 
33 100000 208 84 211 302 100000 9 100000 100000 445 100000 506 100000 569 100000 632 643 498 701 100000 100000 100000 812 616 634 100000 100000 957 100000 100000 100000 1040 1069 1083 1095 1100 1139 1145 1154 1189 100000 100000 1245 100000 100000 1269 100000 898 100000 1331 100000 918 100000 100000 100000 922 1327 1335 1341 100000 100000 1345 1349 1353 100000 100000 1357 100000 1340 100000 1361 
100000 100000 100000 225 118 271 100000 359 100000 429 100000 485 512 370 100000 100000 100000 462 100000 100000 540 740 782 145 618 860 100000 100000 100000 100000 100000 1007 1041 726 100000 1097 100000 100000 100000 100000 100000 1203 100000 1227 100000 100000 880 1283 1297 1303 100000 918 100000 100000 924 1365 100000 1339 928 1343 1346 100000 100000 1369 100000 1373 1377 1352 100000 100000 930 100000 
26 100000 153 88 100000 279 100000 100000 100000 398 100000 100000 100000 536 573 603 430 8 100000 520 733 746 100000 100000 830 100000 887 100000 931 971 992 1010 1027 100000 100000 100000 1106 780 100000 1167 100000 1205 100000 1231 1261 100000 1273 100000 1305 100000 910 100000 100000 100000 100000 1347 100000 100000 100000 1355 100000 100000 100000 934 936 1381 1358 1364 940 100000 942 946 
41 100000 155 227 266 100000 332 339 100000 404 288 100000 513 100000 577 100000 432 100000 100000 703 100000 773 100000 100000 100000 100000 100000 914 100000 969 100000 100000 100000 730 744 1099 100000 100000 802 1173 838 100000 1229 100000 100000 100000 100000 100000 140 72 1329 100000 924 100000 100000 1367 100000 100000 100000 1370 948 100000 100000 1385 100000 1389 100000 157 100000 100000 952 1393 
100000 100000 100000 100000 100000 100000 100000 362 100000 100000 100000 463 515 100000 100000 605 100000 650 502 100000 100000 100000 100000 100000 100000 863 652 100000 938 974 690 100000 1035 100000 100000 1101 1112 100000 100000 1160 100000 100000 852 1235 1247 1263 100000 1286 100000 1307 1333 100000 1365 1347 1367 100000 1351 1397 100000 100000 65 1376 100000 954 958 1401 100000 100000 1359 1363 1371 960 
100000 100000 159 100000 100000 168 100000 373 100000 407 447 471 340 100000 559 609 100000 466 504 705 727 752 100000 100000 100000 877 654 100000 100000 129 995 991 100000 100000 1085 1103 1115 100000 1148 1171 840 1184 100000 1238 1250 100000 100000 1289 900 1310 100000 922 100000 100000 100000 1351 100000 1379 100000 964 100000 1405 1375 1383 1409 100000 100000 100000 100000 100000 100000 1413 
100000 100000 100000 100000 126 100000 100000 100000 100000 100000 292 475 100000 372 388 100000 100000 173 508 100000 737 100000 71 815 100000 100000 897 920 100000 100000 998 100000 714 1058 100000 100000 1117 1129 804 1177 100000 1190 100000 858 100000 100000 1275 100000 100000 100000 100000 1327 1339 100000 100000 1397 1379 100000 1417 1387 1382 100000 100000 966 1421 1425 1388 100000 970 197 972 976 
27 89 60 230 261 100000 337 368 397 100000 446 100000 100000 100000 567 100000 100000 468 100000 100000 710 100000 100000 100000 100000 100000 100000 100000 961 100000 967 100000 100000 100000 100000 100000 100000 100000 100000 100000 1191 1209 100000 100000 1251 38 100000 100000 100000 100000 1334 1335 928 100000 100000 100000 100000 1417 100000 1391 1395 1429 100000 100000 100000 1394 100000 100000 978 100000 100000 100000 
100000 92 100000 100000 100000 100000 100000 234 100000 100000 100000 479 100000 100000 100000 100000 100000 100000 87 707 716 100000 100000 825 845 100000 878 100000 100000 977 100000 1016 1045 732 100000 100000 1118 100000 1149 100000 100000 37 100000 100000 100000 100000 1274 1285 100000 1321 1315 1341 1343 1355 1370 100000 964 1387 1391 100000 1400 100000 1403 982 215 984 100000 100000 1406 1433 100000 100000 
115 93 177 100000 269 100000 335 100000 100000 100000 449 483 517 100000 390 613 100000 649 100000 100000 741 100000 813 829 100000 100000 100000 660 939 973 1001 100000 100000 100000 1070 100000 100000 784 1153 816 1193 100000 1214 100000 100000 1265 100000 1293 904 100000 912 100000 1346 100000 948 65 100000 1382 1395 1400 100000 100000 100000 988 1399 100000 100000 1437 1412 100000 1415 100000 
31 100000 164 90 130 100000 204 100000 100000 100000 100000 100000 342 100000 100000 100000 100000 100000 681 100000 544 100000 100000 100000 836 100000 891 100000 944 955 100000 100000 100000 100000 1076 100000 1121 1131 1157 100000 100000 1213 100000 1249 100000 100000 1277 100000 1309 100000 100000 100000 100000 100000 100000 1376 1405 100000 1429 100000 100000 100000 100000 1418 990 100000 100000 1407 994 1441 39 100000 
32 100000 100000 100000 272 172 100000 100000 401 100000 453 100000 100000 539 571 100000 633 100000 100000 100000 546 758 788 100000 100000 100000 98 925 943 100000 100000 999 1049 1059 748 100000 100000 786 100000 1181 100000 1196 1219 100000 100000 100000 100000 892 100000 1316 100000 1345 100000 100000 100000 100000 1375 100000 100000 1403 100000 100000 100000 100000 100000 1445 100000 1424 100000 1427 1430 100000 
45 100000 167 229 223 100000 214 343 405 410 294 489 100000 542 581 608 100000 100000 100000 100000 722 556 100000 818 839 859 100000 929 100000 678 100000 100000 1053 100000 100000 762 100000 1135 1161 100000 100000 100000 100000 221 1255 100000 1280 100000 1313 100000 100000 1349 1369 934 1385 954 1383 966 100000 982 988 1418 100000 100000 100000 996 1000 1411 100000 100000 1436 1419 
49 100000 100000 100000 100000 289 100000 100000 100000 100000 298 100000 100000 535 394 100000 436 100000 100000 100000 100000 100000 100000 582 100000 881 100000 923 100000 980 1005 1029 100000 100000 100000 100000 1124 100000 100000 100000 100000 1217 100000 1239 1256 874 100000 1292 100000 1319 100000 1353 100000 936 100000 958 1409 1421 100000 215 1399 990 100000 100000 100000 100000 1449 100000 1439 1423 100000 1442 
100000 100000 185 100000 100000 297 100000 238 409 416 100000 100000 346 100000 100000 100000 100000 100000 671 686 731 558 100000 586 622 866 901 100000 100000 100000 100000 1033 100000 1073 100000 1105 100000 790 100000 1175 100000 100000 1233 100000 100000 1262 1279 100000 100000 1325 161 100000 1373 1381 1389 1401 100000 1425 1394 984 100000 100000 1445 996 100000 100000 100000 100000 100000 1448 158 100000 
100000 100000 189 233 100000 100000 100000 100000 100000 100000 100000 493 348 100000 566 402 100000 100000 100000 100000 206 562 791 799 842 100000 905 100000 100000 981 975 100000 1039 736 1089 100000 100000 100000 100000 820 844 1221 1220 100000 868 1268 882 100000 100000 1322 100000 100000 1377 1358 100000 100000 100000 1388 100000 100000 100000 100000 100000 1000 1449 100000 100000 100000 1453 100000 1431 1457 
44 95 100000 236 231 100000 216 100000 100000 100000 100000 316 521 100000 585 406 627 653 100000 100000 100000 100000 100000 100000 843 100000 895 100000 965 100000 1004 1019 718 100000 1087 100000 201 792 1147 1179 1166 100000 1223 100000 100000 1267 100000 1287 1317 1311 100000 1357 1352 1364 157 100000 100000 100000 100000 100000 1437 1407 1424 1411 100000 100000 100000 100000 100000 100000 1461 1002 
100000 97 193 100000 265 100000 307 377 100000 100000 100000 318 100000 100000 396 100000 637 656 100000 709 100000 564 100000 100000 100000 100000 147 100000 100000 100000 979 702 1057 738 100000 100000 100000 100000 1151 100000 100000 1202 100000 862 1259 100000 100000 1291 1304 47 916 100000 100000 940 100000 1359 100000 970 978 1406 1412 994 100000 100000 1439 100000 1453 100000 100000 1006 100000 100000 
100000 99 100000 239 100000 100000 220 100000 363 399 452 482 100000 100000 100000 611 438 472 100000 522 100000 764 574 807 624 636 899 100000 947 100000 1009 100000 100000 1063 750 100000 1119 100000 100000 822 100000 100000 856 100000 100000 876 100000 1295 100000 1328 1337 1340 100000 100000 100000 1363 100000 197 100000 1433 100000 1441 1427 100000 1423 1448 100000 100000 1006 100000 100000 1451 
50 24 170 237 275 301 222 100000 374 100000 100000 100000 100000 100000 100000 614 635 657 675 711 100000 777 817 811 100000 100000 100000 100000 672 100000 100000 100000 1043 1077 1082 100000 100000 120 100000 826 100000 100000 100000 1253 100000 100000 886 100000 100000 100000 1323 100000 930 942 952 1371 100000 972 100000 100000 1415 39 1430 1436 100000 158 1431 1461 100000 100000 100000 1435 
100000 100000 100000 100000 100000 305 219 100000 100000 403 100000 487 100000 100000 575 607 638 651 679 692 100000 100000 783 588 628 100000 903 933 100000 100000 1013 706 1046 100000 100000 1109 1127 1137 100000 100000 1172 1207 100000 1243 100000 100000 100000 1298 100000 906 178 1361 100000 946 1393 960 1413 976 100000 100000 100000 100000 100000 1419 1442 100000 1457 1002 100000 1451 1435 100000 
