75
100000 7 100000 6 8 11 100000 9 15 77 100000 12 100000 100000 17 100000 100000 100000 100000 100000 118 21 100000 14 16 25 100000 100000 100000 20 22 23 37 177 26 32 27 41 100000 100000 100000 47 100000 31 100000 62 100000 39 49 186 43 65 28 30 100000 74 34 40 100000 55 86 69 92 48 52 100000 100000 100000 100000 95 73 58 60 100000 101 
7 100000 100000 100000 100000 100000 199 63 81 100000 100000 100000 171 85 100000 100000 100000 100000 104 100000 100000 50 66 75 100000 107 100000 79 100000 100000 93 100000 100000 100000 100000 97 100000 100000 110 119 100000 100000 100000 125 121 100000 100000 128 100000 87 131 129 100000 137 100000 103 100000 100000 123 111 100000 115 100000 100000 134 56 70 140 139 143 145 72 100000 100000 146 
100000 100000 100000 100000 18 100000 153 100000 152 78 157 147 155 100000 159 161 100000 100000 82 84 90 165 94 102 167 106 108 169 112 100000 173 100000 100000 189 100000 100000 100000 114 164 175 120 179 100000 100000 100000 100000 183 100000 100000 100000 100000 187 193 100000 100000 100000 195 124 201 170 209 100000 100000 100000 100000 100000 100000 100000 213 217 100000 182 188 100000 221 
6 100000 100000 100000 181 100000 126 203 100000 100000 100000 100000 100000 200 207 100000 130 100000 100000 225 211 138 212 142 100000 229 100000 215 57 233 100000 237 100000 100000 100000 241 245 148 218 224 100000 219 223 100000 100000 100000 100000 100000 100000 249 100000 100000 100000 100000 100000 100000 253 257 261 100000 227 100000 230 231 236 235 100000 239 242 100000 265 35 100000 100000 100000 
8 100000 18 181 100000 100000 100000 150 269 100000 100000 100000 243 100000 273 248 251 100000 154 247 100000 100000 254 100000 100000 100000 160 277 162 255 100000 100000 281 100000 100000 100000 100000 100000 100000 100000 100000 100000 100000 100000 100000 100000 260 100000 259 100000 263 100000 285 289 266 100000 267 100000 100000 100000 100000 293 100000 100000 166 100000 172 100000 100000 100000 272 271 174 275 100000 
11 100000 100000 100000 100000 100000 279 297 100000 301 100000 100000 305 100000 100000 309 100000 100000 184 278 100000 100000 283 190 100000 100000 284 192 196 100000 287 313 291 290 100000 100000 295 299 317 100000 100000 303 100000 307 321 311 296 325 100000 315 198 100000 100000 100000 302 319 323 100000 327 329 202 100000 100000 100000 208 100000 100000 210 100000 214 216 308 220 176 314 
100000 199 153 126 100000 279 100000 331 333 337 341 335 100000 222 226 339 100000 100000 100000 228 320 100000 326 100000 332 338 100000 100000 100000 232 100000 100000 344 100000 100000 100000 347 100000 100000 350 100000 343 345 353 100000 100000 100000 100000 234 349 356 359 100000 362 100000 100000 100000 100000 238 365 100000 100000 368 357 371 100000 240 100000 351 244 355 246 100000 100000 250 
9 63 100000 203 150 297 331 100000 374 100000 252 361 100000 369 377 256 100000 100000 100000 100000 363 67 367 100000 100000 100000 100000 100000 100000 100000 100000 100000 380 383 386 258 100000 373 389 100000 375 100000 379 381 100000 385 100000 100000 393 100000 397 392 100000 100000 387 100000 391 100000 395 100000 401 399 100000 100000 100000 100000 403 262 117 405 409 100000 100000 407 264 
15 81 152 100000 269 100000 333 374 100000 398 100000 411 404 410 100000 268 100000 413 100000 416 415 270 417 100000 274 276 421 280 419 100000 423 282 100000 100000 100000 100000 425 100000 100000 100000 100000 427 422 429 100000 286 288 178 433 431 100000 100000 100000 144 100000 292 435 100000 294 298 300 437 100000 100000 304 100000 439 441 100000 306 445 310 100000 100000 100000 
77 100000 78 100000 100000 301 337 100000 398 100000 100000 312 316 100000 100000 318 428 434 100000 440 443 100000 446 100000 100000 449 100000 100000 453 457 452 461 132 447 100000 451 100000 455 100000 100000 100000 322 465 100000 100000 458 464 324 100000 467 100000 100000 100000 100000 100000 100000 459 100000 463 100000 470 473 328 100000 100000 100000 100000 330 100000 100000 334 100000 100000 469 100000 
100000 100000 157 100000 100000 100000 341 252 100000 100000 100000 471 475 477 479 100000 336 476 482 481 100000 100000 340 483 485 489 493 100000 342 346 100000 348 100000 497 100000 100000 100000 501 100000 113 352 354 358 360 100000 54 364 100000 5 505 38 100000 509 100000 513 100000 366 487 100000 517 521 525 100000 488 100000 529 100000 100000 100000 100000 491 100000 100000 494 370 
12 100000 147 100000 100000 100000 335 361 411 312 471 100000 100000 100000 100000 100000 495 100000 372 533 100000 100000 100000 100000 100000 376 499 503 537 507 541 378 100000 100000 100000 100000 100000 500 100000 100000 100000 511 46 545 100000 382 100000 384 515 100000 100000 549 388 100000 100000 519 100000 523 506 390 394 527 553 100000 557 100000 100000 512 100000 100000 100000 100000 531 535 100000 
100000 171 155 100000 243 305 100000 100000 404 316 475 100000 100000 100000 100000 100000 396 100000 100000 561 400 100000 518 100000 100000 100000 524 100000 100000 402 406 100000 539 100000 408 100000 565 100000 100000 412 569 573 100000 530 414 100000 100000 100000 100000 577 543 100000 100000 100000 581 100000 585 100000 100000 100000 100000 589 100000 100000 100000 536 100000 547 100000 100000 593 542 548 551 554 
100000 85 100000 200 100000 100000 222 369 410 100000 477 100000 100000 100000 100000 555 100000 100000 91 100000 559 597 100000 560 83 418 563 100000 100000 100000 601 605 420 609 100000 100000 100000 100000 424 566 100000 567 100000 571 100000 572 575 100000 578 100000 613 617 579 100000 100000 100000 100000 100000 100000 583 100000 587 591 100000 100000 100000 595 621 100000 100000 599 100000 603 100000 584 
17 100000 159 207 273 100000 226 377 100000 100000 479 100000 100000 100000 100000 100000 426 100000 100000 607 100000 625 100000 629 590 596 100000 611 100000 615 602 633 100000 619 623 100000 608 637 614 100000 100000 620 100000 627 80 100000 100000 100000 100000 100000 100000 631 100000 430 626 149 100000 100000 635 632 100000 639 641 100000 643 100000 638 432 645 100000 100000 436 100000 644 438 
100000 100000 161 100000 248 309 339 256 268 318 100000 100000 100000 555 100000 100000 649 100000 100000 647 442 100000 444 100000 448 450 100000 100000 454 653 100000 650 657 456 656 100000 100000 100000 100000 460 661 100000 659 100000 462 665 662 100000 668 669 671 100000 100000 674 100000 466 89 673 100000 677 651 680 100000 468 100000 100000 655 683 100000 681 685 663 472 686 100000 
100000 100000 100000 130 251 100000 100000 100000 100000 428 336 495 396 100000 426 649 100000 100000 689 100000 109 100000 100000 100000 474 100000 100000 693 697 100000 100000 667 100000 692 100000 478 100000 100000 701 695 698 100000 100000 100000 100000 675 480 704 100000 100000 705 100000 100000 100000 679 100000 707 484 100000 100000 710 486 713 716 490 687 100000 691 492 100000 100000 719 722 100000 100000 
100000 100000 100000 100000 100000 100000 100000 100000 413 434 476 100000 100000 100000 100000 100000 100000 100000 100000 699 100000 100000 496 100000 725 709 728 717 100000 100000 100000 205 100000 100000 703 731 100000 100000 100000 721 734 100000 100000 100000 737 100000 100000 100000 100000 100000 498 100000 729 740 502 743 733 504 741 100000 116 100000 746 100000 711 715 723 100000 727 100000 100000 100000 745 749 753 
100000 104 82 100000 154 184 100000 100000 100000 100000 482 372 100000 91 100000 100000 689 100000 100000 100000 100000 96 508 735 739 100000 757 100000 761 752 747 100000 751 100000 755 758 100000 100000 510 764 100000 100000 100000 100000 100000 100000 100000 514 765 100000 100000 767 759 769 100000 770 773 776 779 100000 100000 100000 100000 100000 777 100000 100000 516 520 100000 763 100000 100000 100000 100000 
100000 100000 84 225 247 278 228 100000 416 440 481 533 561 100000 607 647 100000 699 100000 100000 100000 781 785 771 100000 100000 100000 100000 782 100000 789 788 522 100000 775 793 791 794 797 100000 100000 801 100000 100000 800 100000 803 783 805 809 100000 100000 813 100000 817 100000 787 100000 100000 526 64 821 528 806 100000 812 100000 100000 795 825 815 100000 100000 100000 100000 
118 100000 90 211 100000 100000 320 363 415 443 100000 100000 400 559 100000 442 109 100000 100000 100000 100000 100000 829 100000 100000 33 100000 532 100000 534 818 799 100000 100000 807 811 100000 819 100000 100000 824 100000 538 100000 100000 36 833 100000 100000 827 837 823 100000 540 841 100000 831 845 100000 100000 830 836 100000 100000 544 835 839 100000 100000 843 100000 100000 100000 100000 100000 
21 50 165 138 100000 100000 100000 67 270 100000 100000 100000 100000 597 625 100000 100000 100000 96 781 100000 100000 849 100000 546 100000 100000 847 550 842 848 100000 141 853 552 100000 100000 851 100000 100000 855 100000 556 857 100000 558 562 861 100000 854 859 100000 100000 860 100000 564 100000 568 100000 570 100000 863 574 100000 100000 576 100000 866 869 872 875 100000 865 100000 100000 
100000 66 94 212 254 283 326 367 417 446 340 100000 518 100000 100000 444 100000 496 508 785 829 849 100000 100000 100000 100000 100000 873 100000 877 100000 100000 100000 881 885 580 100000 100000 100000 878 100000 122 889 884 100000 893 100000 100000 100000 887 897 100000 582 100000 890 100000 100000 100000 100000 100000 896 899 867 100000 100000 871 902 879 901 905 100000 908 883 586 911 
14 75 102 142 100000 190 100000 100000 100000 100000 483 100000 100000 560 629 100000 100000 100000 735 771 100000 100000 100000 100000 100000 100000 100000 891 100000 914 100000 895 99 100000 100000 909 100000 100000 913 100000 917 920 100000 100000 100000 100000 100000 903 100000 923 588 100000 592 100000 926 594 907 100000 921 100000 100000 598 100000 925 100000 915 100000 100000 100000 929 600 604 100000 100000 606 
16 100000 167 100000 100000 100000 332 100000 274 100000 485 100000 100000 83 590 448 474 725 739 100000 100000 546 100000 100000 100000 100000 100000 100000 919 933 927 100000 937 931 932 935 100000 100000 100000 100000 100000 938 100000 100000 939 610 100000 941 945 100000 949 100000 612 100000 24 100000 100000 100000 616 100000 100000 943 618 100000 100000 100000 944 100000 100000 100000 100000 100000 947 100000 100000 
25 107 106 229 100000 100000 338 100000 276 449 489 376 100000 418 596 450 100000 709 100000 100000 33 100000 100000 100000 100000 100000 951 622 100000 100000 953 955 100000 100000 100000 950 100000 100000 100000 100000 956 100000 100000 957 624 100000 100000 100000 959 100000 961 100000 100000 962 100000 100000 100000 100000 965 100000 51 963 969 100000 968 628 630 100000 100000 967 100000 100000 971 973 100000 
100000 100000 108 100000 160 284 100000 100000 421 100000 493 499 524 563 100000 100000 100000 728 757 100000 100000 100000 100000 100000 100000 951 100000 100000 634 974 636 977 975 100000 979 100000 100000 981 983 100000 100000 163 100000 985 640 987 100000 642 980 989 646 100000 100000 100000 991 648 993 986 100000 100000 995 997 100000 652 654 100000 100000 100000 999 100000 992 100000 100000 658 100000 
100000 79 169 215 277 192 100000 100000 280 100000 100000 503 100000 100000 611 100000 693 717 100000 100000 532 847 873 891 100000 622 100000 100000 100000 1001 68 1003 100000 100000 100000 660 1005 100000 100000 100000 100000 100000 100000 100000 664 998 100000 100000 100000 1009 666 100000 100000 1004 100000 1007 100000 670 100000 100000 100000 1013 672 676 1011 100000 1015 678 100000 100000 204 100000 100000 1017 100000 
100000 100000 112 57 162 196 100000 100000 419 453 342 537 100000 100000 100000 454 697 100000 761 782 100000 550 100000 100000 919 100000 634 100000 100000 1021 100000 1019 1025 682 1023 1029 1010 100000 684 100000 1016 688 100000 1027 100000 100000 100000 1022 690 100000 100000 100000 100000 100000 100000 1033 1028 1037 694 100000 1031 100000 1034 100000 100000 1041 100000 100000 1040 100000 100000 1045 100000 100000 696 
20 100000 100000 233 255 100000 232 100000 100000 457 346 507 402 100000 615 653 100000 100000 752 100000 534 842 877 914 933 100000 974 1001 1021 100000 1049 700 100000 76 702 100000 100000 1035 100000 100000 100000 1043 100000 100000 100000 100000 706 100000 1039 708 1047 135 100000 712 100000 714 1051 1053 1057 100000 1046 100000 1052 100000 100000 1055 1059 100000 100000 1061 1063 1065 1058 100000 100000 
22 93 173 100000 100000 287 100000 100000 423 452 100000 541 406 601 602 100000 100000 100000 747 789 818 848 100000 100000 927 953 636 68 100000 1049 100000 718 1064 100000 100000 720 1067 100000 100000 100000 1070 1073 724 726 100000 100000 100000 1069 100000 1071 1077 1081 1075 100000 1079 1085 1076 100000 730 1089 1093 1082 1097 1083 1088 100000 1087 61 100000 100000 1091 1101 1105 100000 44 
23 100000 100000 237 100000 313 100000 100000 282 461 348 378 100000 605 633 650 667 205 100000 788 799 100000 100000 895 100000 955 977 1003 1019 700 718 100000 1094 1100 100000 1095 732 736 1109 100000 1113 1103 1117 100000 1099 100000 738 742 100000 100000 1106 1107 100000 100000 100000 100000 100000 100000 100000 100000 100000 1111 100000 1112 744 100000 1115 100000 748 1121 100000 1119 1125 100000 750 
37 100000 100000 100000 281 291 344 380 100000 132 100000 100000 539 420 100000 657 100000 100000 751 522 100000 141 100000 99 937 100000 975 100000 1025 100000 1064 1094 100000 754 100 100000 1129 1133 756 760 1118 1137 100000 1123 100000 100000 100000 100000 100000 1124 762 766 1141 1127 100000 768 1145 1131 100000 100000 772 100000 100000 100000 1130 100000 194 774 1149 100000 1153 1157 42 100000 1161 
177 100000 189 100000 100000 290 100000 383 100000 447 497 100000 100000 609 619 456 692 100000 100000 100000 100000 853 881 100000 931 100000 100000 100000 682 76 100000 1100 754 100000 1165 1169 100000 1136 778 1139 100000 1135 100000 100000 100000 780 100000 100000 784 1142 1148 100000 100000 100000 1143 1173 100000 100000 100000 1147 100000 100000 1177 1151 786 100000 790 100000 100000 792 1181 1154 1160 100000 100000 
26 100000 100000 100000 100000 100000 100000 386 100000 100000 100000 100000 408 100000 623 656 100000 703 755 775 807 552 885 100000 932 100000 979 100000 1023 702 100000 100000 100 1165 100000 1163 100000 1166 1172 100000 100000 796 1175 1155 100000 1185 1159 798 100000 1189 100000 100000 1193 100000 100000 1197 100000 100000 1167 1178 100000 802 100000 1171 151 804 100000 808 100000 810 1179 100000 1183 1201 1187 
32 97 100000 241 100000 100000 100000 258 100000 451 100000 100000 100000 100000 100000 100000 478 731 758 793 811 100000 580 909 935 950 100000 660 1029 100000 720 1095 100000 1169 1163 100000 100000 814 100000 100000 100000 1191 1195 1199 816 100000 820 822 100000 100000 1184 1205 826 100000 100000 1203 100000 100000 100000 1190 100000 1209 100000 206 100000 1196 828 100000 100000 1207 832 100000 1202 1213 1208 
27 100000 100000 245 100000 295 347 100000 425 100000 100000 100000 565 100000 608 100000 100000 100000 100000 791 100000 100000 100000 100000 100000 100000 100000 1005 1010 100000 1067 732 1129 100000 100000 100000 100000 1217 1221 100000 100000 100000 834 100000 100000 100000 838 1211 100000 100000 100000 1225 100000 1214 1220 1229 100000 1223 100000 98 100000 100000 158 100000 100000 1233 100000 100000 1226 100000 1232 1215 100000 100000 100000 
41 100000 114 148 100000 299 100000 373 100000 455 501 500 100000 100000 637 100000 100000 100000 100000 794 819 851 100000 100000 100000 100000 981 100000 100000 1035 100000 736 1133 1136 1166 814 1217 100000 191 1235 100000 100000 840 1219 100000 1238 1237 100000 1241 100000 100000 100000 844 100000 100000 100000 100000 100000 100000 100000 100000 846 850 1244 100000 100000 852 1247 100000 156 1245 53 1250 45 856 
100000 110 164 218 100000 317 100000 389 100000 100000 100000 100000 100000 424 614 100000 701 100000 510 797 100000 100000 100000 913 100000 100000 983 100000 684 100000 100000 1109 756 778 1172 100000 1221 191 100000 100000 100000 100000 100000 1249 1253 858 100000 100000 100000 100000 1256 100000 100000 100000 862 100000 1227 100000 100000 1257 1261 100000 100000 100000 1259 1262 100000 1231 1239 100000 100000 1243 1251 1255 1265 
100000 119 175 224 100000 100000 350 100000 100000 100000 113 100000 412 566 100000 460 695 721 764 100000 100000 100000 878 100000 100000 100000 100000 100000 100000 100000 100000 100000 760 1139 100000 100000 100000 1235 100000 100000 100000 13 864 868 1263 870 874 1268 100000 1271 100000 1269 1273 1267 1274 100000 100000 100000 100000 1275 876 1277 880 100000 100000 100000 1281 100000 1285 882 1289 886 1279 100000 100000 
100000 100000 120 100000 100000 100000 100000 375 100000 100000 352 100000 569 100000 100000 661 698 734 100000 100000 824 855 100000 917 100000 956 100000 100000 1016 100000 1070 1113 1118 100000 100000 100000 100000 100000 100000 100000 100000 100000 100000 100000 100000 1293 1283 888 100000 1287 100000 892 1297 1280 1301 100000 185 1291 894 1295 1299 1303 1305 100000 898 1309 100000 1307 1311 900 1313 1286 100000 1315 1317 
47 100000 179 219 100000 303 343 100000 427 322 354 511 573 567 620 100000 100000 100000 100000 801 100000 100000 122 920 938 100000 163 100000 688 1043 1073 1103 1137 1135 796 1191 100000 100000 100000 13 100000 100000 100000 1319 1292 100000 100000 100000 100000 1321 100000 100000 1323 904 906 100000 1325 1329 100000 100000 100000 100000 910 1298 100000 912 1304 1310 100000 100000 100000 100000 100000 1316 1327 
100000 100000 100000 223 100000 100000 345 379 422 465 358 46 100000 100000 100000 659 100000 100000 100000 100000 538 556 889 100000 100000 100000 100000 100000 100000 100000 724 1117 100000 100000 1175 1195 834 840 100000 864 100000 100000 100000 100000 1331 1322 916 1328 1333 100000 1335 168 1334 100000 100000 1337 100000 100000 1340 1339 1343 100000 1341 1345 918 1346 100000 922 100000 100000 100000 1347 1349 1351 100000 
31 125 100000 100000 100000 307 353 381 429 100000 360 545 530 571 627 100000 100000 100000 100000 100000 100000 857 884 100000 100000 957 985 100000 1027 100000 726 100000 1123 100000 1155 1199 100000 1219 1249 868 100000 1319 100000 100000 1353 1355 105 180 100000 924 100000 100000 100000 1357 100000 59 100000 1359 100000 1352 1358 100000 100000 10 1361 100000 100000 100000 1364 100000 100000 100000 100000 100000 100000 
100000 121 100000 100000 100000 321 100000 100000 100000 100000 100000 100000 414 100000 80 462 100000 737 100000 800 100000 100000 100000 100000 939 624 640 664 100000 100000 100000 1099 100000 100000 100000 816 100000 100000 1253 1263 100000 1292 1331 1353 100000 928 100000 100000 100000 1365 1369 100000 1363 1367 100000 1370 100000 930 1373 100000 100000 100000 100000 1377 100000 100000 1376 88 934 100000 1371 100000 1375 100000 100000 
62 100000 100000 100000 100000 311 100000 385 286 458 54 382 100000 572 100000 665 675 100000 100000 100000 36 558 893 100000 610 100000 987 998 100000 100000 100000 100000 100000 780 1185 100000 100000 1238 858 870 1293 100000 1322 1355 928 100000 1379 1381 1385 100000 100000 100000 100000 100000 100000 100000 100000 100000 100000 100000 100000 1389 29 1382 936 940 1393 1397 942 100000 100000 1401 1405 946 1409 
100000 100000 183 100000 260 296 100000 100000 288 464 364 100000 100000 575 100000 662 480 100000 100000 803 833 562 100000 100000 100000 100000 100000 100000 100000 706 100000 738 100000 100000 1159 820 838 1237 100000 874 1283 100000 916 105 100000 1379 100000 1383 1413 100000 1387 948 1391 1417 952 100000 1421 1425 100000 100000 954 100000 1429 100000 958 1388 1433 100000 100000 960 1394 964 100000 1437 1441 
39 128 100000 100000 100000 325 100000 100000 178 324 100000 384 100000 100000 100000 100000 704 100000 514 783 100000 861 100000 903 941 100000 642 100000 1022 100000 1069 742 100000 100000 798 822 1211 100000 100000 1268 888 100000 1328 180 100000 1381 1383 100000 1395 966 100000 100000 100000 100000 1400 100000 100000 100000 100000 100000 1399 1445 1449 100000 100000 100000 100000 100000 100000 1453 1403 1457 100000 1407 1461 
49 100000 100000 100000 259 100000 234 393 433 100000 5 515 100000 578 100000 668 100000 100000 765 805 100000 100000 100000 100000 945 959 980 100000 690 1039 100000 100000 100000 784 100000 100000 100000 1241 100000 100000 100000 100000 1333 100000 100000 1385 1413 1395 100000 1406 1412 100000 970 1465 100000 1411 136 1415 972 100000 100000 1469 1473 1419 1418 1477 100000 100000 976 1423 978 100000 1481 1485 1424 
186 87 100000 249 100000 315 349 100000 431 467 505 100000 577 100000 100000 669 100000 100000 100000 809 827 854 887 923 100000 100000 989 1009 100000 708 1071 100000 1124 1142 1189 100000 100000 100000 100000 1271 1287 1321 100000 924 1365 100000 100000 966 1406 100000 100000 100000 1427 100000 1489 1493 100000 1497 1501 1505 100000 100000 1430 982 984 100000 1509 1431 988 1436 100000 1435 100000 990 100000 
43 131 100000 100000 263 198 356 397 100000 100000 38 100000 543 613 100000 671 705 498 100000 100000 837 859 897 588 949 961 646 666 100000 1047 1077 1106 762 1148 100000 1184 100000 100000 1256 100000 100000 100000 1335 100000 1369 100000 1387 100000 1412 100000 100000 100000 100000 1439 100000 100000 1443 1513 1447 1442 100000 100000 994 100000 100000 1448 996 1517 1521 1525 1451 1455 100000 1454 1000 
65 129 187 100000 100000 100000 359 392 100000 100000 100000 549 100000 617 631 100000 100000 100000 767 100000 823 100000 100000 100000 100000 100000 100000 100000 100000 135 1081 1107 766 100000 100000 1205 1225 100000 100000 1269 892 100000 168 100000 100000 100000 948 100000 100000 100000 100000 100000 1529 100000 100000 100000 1533 100000 100000 100000 1537 19 1459 100000 100000 1002 100000 100000 100000 100000 100000 1463 1541 1006 1460 
28 100000 193 100000 285 100000 100000 100000 100000 100000 509 388 100000 579 100000 100000 100000 729 759 813 100000 100000 582 592 612 100000 100000 100000 100000 100000 1075 100000 1141 100000 1193 826 100000 844 100000 1273 1297 1323 1334 100000 1363 100000 1391 100000 970 1427 100000 1529 100000 1467 100000 100000 197 100000 100000 1466 1471 1545 100000 100000 1475 100000 100000 100000 100000 1008 1549 100000 1012 100000 1472 
30 137 100000 100000 289 100000 362 100000 144 100000 100000 100000 100000 100000 430 674 100000 740 769 100000 540 860 100000 100000 100000 962 100000 1004 100000 712 100000 100000 1127 100000 100000 100000 1214 100000 100000 1267 1280 904 100000 1357 1367 100000 1417 100000 1465 100000 1439 100000 1467 100000 1479 1483 1014 1478 1018 1553 100000 100000 1484 1020 1024 1026 1487 100000 1491 100000 1557 100000 100000 1561 1495 
100000 100000 100000 100000 266 302 100000 387 100000 100000 513 100000 581 100000 626 100000 679 502 100000 817 841 100000 890 926 24 100000 991 100000 100000 100000 1079 100000 100000 1143 100000 100000 1220 100000 862 1274 1301 906 100000 100000 100000 100000 952 1400 100000 1489 100000 100000 100000 1479 100000 1499 1490 100000 1030 1565 100000 1503 100000 100000 100000 100000 100000 100000 1032 100000 1507 100000 100000 1036 1569 
74 103 100000 100000 100000 319 100000 100000 292 100000 100000 519 100000 100000 149 466 100000 743 770 100000 100000 564 100000 594 100000 100000 648 1007 1033 714 1085 100000 768 1173 1197 1203 1229 100000 100000 100000 100000 100000 1337 59 1370 100000 100000 100000 1411 1493 100000 100000 100000 1483 1499 100000 71 100000 100000 1573 1038 100000 1511 1577 100000 1496 100000 1581 1515 100000 1519 1042 1585 1589 1502 
34 100000 195 253 267 323 100000 391 435 459 366 100000 585 100000 100000 89 707 733 773 787 831 100000 100000 907 100000 100000 993 100000 1028 1051 1076 100000 1145 100000 100000 100000 100000 100000 1227 100000 185 1325 100000 100000 100000 100000 1421 100000 136 100000 1443 1533 197 1014 1490 71 100000 1044 100000 1048 100000 1508 1514 1520 100000 100000 1523 100000 100000 1593 1597 1601 1527 1526 100000 
40 100000 124 257 100000 100000 100000 100000 100000 100000 487 523 100000 100000 100000 673 484 504 776 100000 845 568 100000 100000 100000 100000 986 670 1037 1053 100000 100000 1131 100000 100000 100000 1223 100000 100000 100000 1291 1329 100000 1359 930 100000 1425 100000 1415 1497 1513 100000 100000 1478 100000 100000 1044 100000 100000 100000 100000 100000 1531 1050 1054 1605 1532 100000 1609 100000 1535 133 1538 100000 1613 
100000 123 201 261 100000 327 238 395 294 463 100000 506 100000 100000 635 100000 100000 741 779 100000 100000 100000 100000 921 616 965 100000 100000 694 1057 730 100000 100000 100000 1167 100000 100000 100000 100000 100000 894 100000 1340 100000 1373 100000 100000 100000 972 1501 1447 100000 100000 1018 1030 100000 100000 100000 100000 1544 1539 100000 1617 100000 100000 100000 100000 100000 100000 1543 100000 1621 1056 100000 100000 
55 111 170 100000 100000 329 365 100000 298 100000 517 390 100000 583 632 677 100000 100000 100000 526 100000 570 100000 100000 100000 100000 100000 100000 100000 100000 1089 100000 100000 1147 1178 1190 98 100000 1257 1275 1295 100000 1339 1352 100000 100000 100000 100000 100000 1505 1442 100000 1466 1553 1565 1573 1048 100000 1544 100000 1625 1629 1060 1062 1633 1547 1066 100000 100000 100000 100000 100000 1550 1556 1551 
86 100000 209 227 100000 202 100000 401 300 470 521 394 100000 100000 100000 651 710 116 100000 64 830 100000 896 100000 100000 51 995 100000 1031 1046 1093 100000 772 100000 100000 100000 100000 100000 1261 876 1299 100000 1343 1358 100000 100000 954 1399 100000 100000 100000 1537 1471 100000 100000 1038 100000 100000 1539 1625 100000 1555 100000 100000 1637 100000 100000 100000 1559 1563 100000 100000 100000 1562 100000 
69 115 100000 100000 293 100000 100000 399 437 473 525 527 589 587 639 680 486 100000 100000 821 836 863 899 598 943 963 997 1013 100000 100000 1082 1111 100000 100000 802 1209 100000 846 100000 1277 1303 100000 100000 100000 100000 1389 100000 1445 1469 100000 100000 19 1545 100000 1503 100000 1508 100000 100000 1629 1555 100000 1568 100000 1571 1068 100000 100000 100000 100000 100000 1641 100000 1574 1580 
92 100000 100000 230 100000 100000 368 100000 100000 328 100000 553 100000 591 641 100000 713 746 100000 528 100000 574 867 100000 618 969 100000 672 1034 1052 1097 100000 100000 1177 100000 100000 158 850 100000 880 1305 910 1341 100000 100000 29 1429 1449 1473 1430 994 1459 100000 1484 100000 1511 1514 1531 1617 1060 100000 1568 100000 100000 1583 1586 100000 100000 1592 100000 100000 1072 1074 100000 100000 
48 100000 100000 231 100000 100000 357 100000 100000 100000 488 100000 100000 100000 100000 468 716 100000 100000 806 100000 100000 100000 925 100000 100000 652 676 100000 100000 1083 1112 100000 1151 1171 206 100000 1244 100000 100000 100000 1298 1345 10 1377 1382 100000 100000 1419 982 100000 100000 100000 1020 100000 1577 1520 1050 100000 1062 100000 100000 100000 100000 100000 1078 100000 1645 1567 100000 100000 100000 1575 1579 100000 
52 134 100000 236 166 208 371 100000 304 100000 100000 557 100000 100000 643 100000 490 711 777 100000 544 100000 100000 100000 100000 968 654 1011 100000 100000 1088 744 1130 786 151 100000 100000 100000 1259 100000 898 100000 918 1361 100000 936 958 100000 1418 984 100000 100000 1475 1024 100000 100000 100000 1054 100000 1633 1637 1571 1583 100000 100000 100000 100000 100000 100000 100000 1080 100000 100000 127 1649 
100000 56 100000 235 100000 100000 100000 100000 100000 100000 529 100000 536 100000 100000 100000 687 715 100000 812 835 576 871 915 100000 628 100000 100000 1041 1055 100000 100000 100000 100000 804 1196 1233 100000 1262 100000 1309 912 1346 100000 100000 940 1388 100000 1477 100000 1448 1002 100000 1026 100000 1496 100000 1605 100000 1547 100000 1068 1586 1078 100000 100000 1587 1653 1595 1598 1591 100000 1599 100000 1657 
100000 70 100000 100000 172 100000 240 403 439 100000 100000 100000 100000 595 638 655 100000 723 100000 100000 839 100000 902 100000 944 630 100000 1015 100000 1059 1087 1115 194 790 100000 828 100000 852 100000 1281 100000 1304 100000 100000 1376 1393 1433 100000 100000 1509 996 100000 100000 1487 100000 100000 1523 1532 100000 1066 100000 100000 100000 100000 100000 1587 100000 1603 100000 1661 100000 1665 1604 1669 1673 
100000 140 100000 239 100000 210 100000 262 441 330 100000 512 547 621 432 683 691 100000 516 100000 100000 866 879 100000 100000 100000 100000 678 100000 100000 61 100000 774 100000 808 100000 100000 1247 1231 100000 1307 1310 922 100000 88 1397 100000 100000 100000 1431 1517 100000 100000 100000 100000 1581 100000 100000 100000 100000 100000 100000 100000 1645 100000 1653 1603 100000 1607 100000 1611 1084 1610 1086 100000 
100000 139 213 242 100000 100000 351 117 100000 100000 100000 100000 100000 100000 645 100000 492 727 520 795 100000 869 901 100000 100000 100000 999 100000 1040 100000 100000 748 1149 100000 100000 100000 1226 100000 1239 1285 1311 100000 100000 1364 934 942 100000 100000 976 988 1521 100000 100000 1491 1032 1515 100000 1609 100000 100000 1559 100000 1592 1567 100000 1595 100000 1607 100000 100000 100000 1677 100000 1615 100000 
95 143 217 100000 100000 214 244 405 306 100000 100000 100000 100000 100000 100000 681 100000 100000 100000 825 843 872 905 929 100000 967 100000 100000 100000 1061 100000 1121 100000 792 810 1207 100000 156 100000 882 900 100000 100000 100000 100000 100000 960 1453 1423 1436 1525 100000 1008 100000 100000 100000 1593 100000 1543 100000 1563 100000 100000 100000 100000 1598 1661 100000 100000 100000 100000 100000 100000 100000 1090 
73 145 100000 265 272 216 355 409 445 334 491 100000 593 599 100000 685 100000 100000 763 815 100000 875 100000 600 100000 100000 992 204 100000 1063 1091 100000 1153 1181 1179 832 1232 1245 100000 1289 1313 100000 100000 100000 1371 100000 1394 1403 978 100000 1451 100000 1549 1557 1507 1519 1597 1535 100000 100000 100000 100000 100000 100000 1080 1591 100000 1611 100000 100000 100000 1616 100000 100000 1619 
58 72 182 35 271 308 246 100000 310 100000 100000 100000 542 100000 436 663 719 100000 100000 100000 100000 100000 908 604 100000 100000 100000 100000 1045 1065 1101 1119 1157 1154 100000 100000 1215 53 1243 886 1286 100000 1347 100000 100000 1401 964 1457 100000 1435 1455 1463 100000 100000 100000 1042 1601 133 1621 100000 100000 1641 1072 100000 100000 100000 1665 1084 1677 100000 1616 100000 100000 1623 1681 
60 100000 188 100000 174 220 100000 100000 100000 100000 100000 531 548 603 100000 472 722 745 100000 100000 100000 865 883 100000 947 971 100000 100000 100000 1058 1105 1125 42 1160 1183 1202 100000 1250 1251 1279 100000 100000 1349 100000 1375 1405 100000 100000 1481 100000 100000 1541 1012 100000 100000 1585 1527 1538 1056 1550 100000 100000 1074 1575 100000 1599 1604 1610 100000 100000 100000 100000 100000 100000 100000 
100000 100000 100000 100000 275 176 100000 407 100000 469 494 535 551 100000 644 686 100000 749 100000 100000 100000 100000 586 100000 100000 973 658 1017 100000 100000 100000 100000 100000 100000 1201 1213 100000 45 1255 100000 1315 1316 1351 100000 100000 946 1437 1407 1485 990 1454 1006 100000 1561 1036 1589 1526 100000 100000 1556 1562 1574 100000 1579 127 100000 1669 1086 1615 100000 100000 1623 100000 100000 1685 
101 146 221 100000 100000 314 250 264 100000 100000 370 100000 554 584 438 100000 100000 753 100000 100000 100000 100000 911 606 100000 100000 100000 100000 696 100000 44 750 1161 100000 1187 1208 100000 856 1265 100000 1317 1327 100000 100000 100000 1409 1441 1461 1424 100000 1000 1460 1472 1495 1569 1502 100000 1613 100000 1551 100000 1580 100000 100000 1649 1657 1673 100000 100000 1090 1619 1681 100000 1685 100000 
